#	Epoch	E	E*lambda_E	rho	rho*lambda_rho	ae	ae*lambda_ae	total
0	1.6206971148156968	0.016206971148156966	15.189281734532523	303.78563469065045	46.38610736877329	46.38610736877329	75.32727875094471
1	1.6638365483141406	0.016638365483141408	15.178603279617475	303.5720655923495	46.285318560244576	46.285318560244576	75.24697059465618
2	1.8963095926108273	0.018963095926108273	15.172261066355329	303.4452213271066	45.75660163313112	45.75660163313112	75.04616630993624
3	1.6514367324327754	0.016514367324327754	15.167381583318605	303.3476316663721	45.29836953425173	45.29836953425173	74.87695251366331
4	2.0929049782154707	0.020929049782154707	15.161277083966773	303.2255416793355	44.91702099477663	44.91702099477663	74.71486052785941
5	2.12542115553505	0.0212542115553505	15.157435137593477	303.14870275186956	44.48574242651769	44.48574242651769	74.54924633604537
6	2.093839251874957	0.020938392518749568	15.154599300204048	303.0919860040809	44.09806338543985	44.09806338543985	74.40860402715398
7	1.9270936630629536	0.019270936630629537	15.14868231378679	302.9736462757358	43.6946176571015	43.6946176571015	74.24429688476658
8	1.7886716802771399	0.0178867168027714	15.146830062005588	302.93660124011177	43.42021624903149	43.42021624903149	74.12373899335326
9	2.2205617550130685	0.022205617550130684	15.141393054422247	302.82786108844493	43.03169486551941	43.03169486551941	73.96956886901373
10	2.5132338540679555	0.025132338540679557	15.137749550523168	302.75499101046336	42.787810832690774	42.787810832690774	73.85779389408786
11	2.4400821653726767	0.024400821653726767	15.136040730459394	302.72081460918787	42.50851702974067	42.50851702974067	73.74762838780514
12	3.1198286802705293	0.031198286802705293	15.128608319883968	302.5721663976794	42.34823182085502	42.34823182085502	73.63442482942484
13	2.863176629046183	0.028631766290461828	15.128717013508005	302.5743402701601	42.09916988015209	42.09916988015209	73.53572311998823
14	2.401806463461785	0.02401806463461785	15.12812114992746	302.5624229985492	41.76722760161724	41.76722760161724	73.42080500236541
15	2.832993964883044	0.02832993964883044	15.121564768793514	302.43129537587026	41.6157545716227	41.6157545716227	73.31436453536794
16	2.53054060332263	0.0253054060332263	15.122731200772867	302.45462401545734	41.29790944567646	41.29790944567646	73.20670639929264
17	3.023662372876348	0.03023662372876348	15.116769604962355	302.3353920992471	41.20026436613304	41.20026436613304	73.12251173446958
18	2.90743863057255	0.0290743863057255	15.11631196244579	302.3262392489158	41.02851907308554	41.02851907308554	73.03285308701716
19	2.6669150066560157	0.026669150066560156	15.116543693796018	302.33087387592036	40.77320856855376	40.77320856855376	72.9457309181336
20	2.8016286508342416	0.028016286508342418	15.113401683019513	302.26803366039024	40.67788898480438	40.67788898480438	72.86312726617
21	2.8386373762103525	0.028386373762103526	15.111711392436474	302.23422784872946	40.441148600455904	40.441148600455904	72.76976867022124
22	2.6428943149667656	0.026428943149667657	15.11205623284442	302.2411246568884	40.37603404777067	40.37603404777067	72.71090037084562
23	3.008062744056324	0.03008062744056324	15.107097532569831	302.14195065139666	40.17848434429293	40.17848434429293	72.61681916487875
24	2.8157919130588716	0.028157919130588717	15.105611910672835	302.1122382134567	40.06463369293472	40.06463369293472	72.54287179444333
25	2.8743014850731505	0.028743014850731507	15.104455639483783	302.08911278967565	39.89760295829191	39.89760295829191	72.47010718403719
26	3.014590641565761	0.030145906415657613	15.102817687289784	302.05635374579566	39.76217424269312	39.76217424269312	72.39960322579532
27	2.7316560785598636	0.027316560785598635	15.103715765257107	302.07431530514214	39.59340185320275	39.59340185320275	72.32466380589356
28	3.0151232759995166	0.030151232759995168	15.101331425306586	302.0266285061317	39.680306874753796	39.680306874753796	72.28786153132174
29	2.9025499166200164	0.029025499166200164	15.101344244499547	302.0268848899909	39.409362551853015	39.409362551853015	72.19387632498385
30	2.9518255629912975	0.029518255629912976	15.098782242945537	301.97564485891075	39.332818842390544	39.332818842390544	72.1236659374318
31	2.6679990054945297	0.0266799900549453	15.098683687236583	301.9736737447317	39.107323994242165	39.107323994242165	72.0652533197962
32	2.9110355274096125	0.029110355274096125	15.095091725904966	301.90183451809935	39.00704145347924	39.00704145347924	71.99261546871297
33	3.2244375282073103	0.03224437528207311	15.230231195168578	304.6046239033716	46.977445356482484	46.977445356482484	74.89746006029623
34	4.651158607839295	0.04651158607839295	15.090788823663214	301.8157764732643	39.1378592091394	39.1378592091394	72.14860086550227
35	4.246669193338568	0.04246669193338568	15.093172248448672	301.86344496897345	38.82940926673502	38.82940926673502	72.09597990475456
36	3.6312490046503454	0.03631249004650346	15.096149658582918	301.9229931716584	38.57265171306317	38.57265171306317	72.04010257522646
37	3.313415959507442	0.03313415959507442	15.097438568170713	301.94877136341427	38.46969841060442	38.46969841060442	72.0149837636655
38	2.8813617853267903	0.028813617853267904	15.099973617511463	301.99947235022927	38.329369382630766	38.329369382630766	71.98720181537271
39	2.693816415729918	0.02693816415729918	15.10034493318588	302.0068986637176	38.29092947541292	38.29092947541292	71.97549275481582
40	2.502692827338725	0.025026928273387247	15.101270127903891	302.0254025580778	38.25050105461748	38.25050105461748	71.96379544990205
41	2.387321066381525	0.02387321066381525	15.101822084378528	302.0364416875706	38.18469588901464	38.18469588901464	71.94558869558254
42	2.270039924582331	0.02270039924582331	15.102408124174831	302.04816248349664	38.17726285839557	38.17726285839557	71.94229160483084
43	2.2775224480257195	0.022775224480257195	15.102446157166703	302.04892314333404	38.169002545124854	38.169002545124854	71.93508447200516
44	2.1634424960449232	0.021634424960449233	15.102750923879055	302.0550184775811	38.14345017563548	38.14345017563548	71.92785967590643
45	2.170309536337778	0.021703095363377778	15.102582731903283	302.05165463806566	38.11331239057051	38.11331239057051	71.91318966845081
46	2.1676756668378485	0.021676756668378486	15.102179685587933	302.04359371175866	38.10842013970934	38.10842013970934	71.90711145100317
47	2.0955705880876163	0.020955705880876165	15.102933862889302	302.05867725778603	38.07862080018168	38.07862080018168	71.89952797036203
48	2.0910111008288226	0.020910111008288226	15.102407003624693	302.0481400724939	38.070965853730456	38.070965853730456	71.89140490529809
49	2.097321318509844	0.020973213185098438	15.102595335543477	302.0519067108695	38.05853784445832	38.05853784445832	71.88431309907965
50	2.1194822008499448	0.02119482200849945	15.102290658329524	302.0458131665905	38.0527930929332	38.0527930929332	71.87528666058716
51	2.1332565278375006	0.02133256527837501	15.10197498906594	302.0394997813188	38.057784156269975	38.057784156269975	71.87144802242506
52	2.1695937780891503	0.021695937780891503	15.10165456465114	302.0330912930228	38.056272067160585	38.056272067160585	71.86302183868548
53	2.189795100039974	0.021897951000399738	15.10151740647368	302.0303481294736	38.03396856385154	38.03396856385154	71.8509668382902
54	2.116242092565736	0.02116242092565736	15.101408658237158	302.0281731647432	38.019953150810046	38.019953150810046	71.84532305011959
55	2.1767406350840446	0.021767406350840447	15.101422722685681	302.0284544537136	38.0208334773695	38.0208334773695	71.83792466353634
56	2.1323782992452505	0.021323782992452505	15.101251093746788	302.02502187493576	38.00166591644875	38.00166591644875	71.82798115654428
57	2.1023105853020256	0.021023105853020255	15.101488949287884	302.0297789857577	37.99484999551463	37.99484999551463	71.82401964663858
58	2.1554388647216007	0.021554388647216007	15.100840010863733	302.01680021727464	37.9906292532644	37.9906292532644	71.81379360588042
59	2.184146922280344	0.021841469222803438	15.100646850435417	302.0129370087084	37.98355685113207	37.98355685113207	71.80566624199774
60	2.1545194478241667	0.02154519447824167	15.100436690258176	302.0087338051635	37.963610837172354	37.963610837172354	71.79404535060206
61	2.1684842531066413	0.021684842531066412	15.100249872354714	302.0049974470943	37.95132823776336	37.95132823776336	71.78601214170789
62	2.280466710985703	0.02280466710985703	15.099904466768098	301.99808933536195	37.96228836958839	37.96228836958839	71.78125101363149
63	2.2222265637316014	0.022222265637316014	15.099661360912016	301.99322721824035	37.938616669445025	37.938616669445025	71.76752031548689
64	2.187059872549226	0.021870598725492258	15.099764697257228	301.99529394514457	37.9206309734713	37.9206309734713	71.7596676923168
65	2.221735986109482	0.02221735986109482	15.099489536193683	301.9897907238737	37.91565919609114	37.91565919609114	71.75267824925608
66	2.2346878253315645	0.022346878253315647	15.099217943824119	301.98435887648236	37.91641208371532	37.91641208371532	71.743544390897
67	2.3209377103170734	0.023209377103170736	15.098728421935656	301.9745684387131	37.90728466886527	37.90728466886527	71.73351936170954
68	2.193488817729765	0.021934888177297652	15.09943774764696	301.9887549529392	37.876590288269014	37.876590288269014	71.7247121660029
69	2.2088358642121557	0.022088358642121556	15.098796021583999	301.97592043168	37.87814801847207	37.87814801847207	71.71597700381484
70	2.222928897546627	0.02222928897546627	15.098509499293778	301.97018998587555	37.861050011388045	37.861050011388045	71.70420312406203
71	2.2330843835671295	0.022330843835671296	15.098618035001977	301.97236070003953	37.84891567152928	37.84891567152928	71.6954926105892
72	2.3493462702186205	0.023493462702186205	15.097325878373601	301.94651756747203	37.87031904734704	37.87031904734704	71.68661844155412
73	2.2797340114803344	0.022797340114803343	15.0975518483145	301.95103696629	37.83037747013496	37.83037747013496	71.67468285781788
74	2.275135262969544	0.02275135262969544	15.09779228138323	301.9558456276646	37.817830799978566	37.817830799978566	71.6647924899106
75	2.337147605512953	0.02337147605512953	15.096911208010898	301.93822416021794	37.83365112281752	37.83365112281752	71.65777996613083
76	2.316164797531506	0.02316164797531506	15.09705637924399	301.9411275848798	37.818415927924484	37.818415927924484	71.64851721693466
77	2.3261175363910014	0.023261175363910015	15.096804292425974	301.9360858485195	37.79834966206002	37.79834966206002	71.63723393303908
78	2.29540517364755	0.022954051736475498	15.096722603065446	301.93445206130895	37.790067402390285	37.790067402390285	71.62815032718252
79	2.2754375736590657	0.022754375736590657	15.096563150920266	301.93126301840533	37.77106209621495	37.77106209621495	71.61812243772015
80	2.2907492203338125	0.022907492203338126	15.096431843313983	301.92863686627965	37.75510866329739	37.75510866329739	71.60753870350229
81	2.2951710816204662	0.022951710816204663	15.096181202444312	301.9236240488862	37.753229182769665	37.753229182769665	71.5981740095064
82	2.344350968713032	0.02344350968713032	15.095431535750613	301.90863071501224	37.74704693103138	37.74704693103138	71.58826692079734
83	2.4329838466525806	0.024329838466525807	15.094774819412411	301.8954963882482	37.76606099387832	37.76606099387832	71.57900659404693
84	2.4117898594062077	0.024117898594062076	15.094880130636012	301.8976026127202	37.74673048237505	37.74673048237505	71.56742104551532
85	2.4059424732871904	0.024059424732871905	15.094362501448947	301.88725002897894	37.732016755703995	37.732016755703995	71.55660936736734
86	2.346080532170731	0.02346080532170731	15.09456713800253	301.8913427600506	37.719218607650994	37.719218607650994	71.5484697413554
87	2.396856958250122	0.02396856958250122	15.094103955576722	301.88207911153444	37.71456550259957	37.71456550259957	71.53705631983405
88	2.467233629324499	0.02467233629324499	15.093270493225264	301.8654098645053	37.714831333766135	37.714831333766135	71.52565378593782
89	2.3990465884930225	0.023990465884930225	15.09381314111708	301.8762628223416	37.703438266976654	37.703438266976654	71.51875947018347
90	2.4464870584586587	0.024464870584586587	15.093317122261922	301.86634244523844	37.68959941023327	37.68959941023327	71.50675103007441
91	2.4522088354119167	0.02452208835411917	15.092762801947702	301.85525603895405	37.700684997981114	37.700684997981114	71.49237580163478
92	2.5308678193845084	0.025308678193845083	15.09226388675078	301.8452777350156	37.70326945532499	37.70326945532499	71.48566014069984
93	2.4766348961438456	0.024766348961438457	15.092336441104722	301.84672882209446	37.671954164621646	37.671954164621646	71.47113553635148
94	2.4545437469889047	0.024545437469889048	15.092404052319655	301.8480810463931	37.66784844456071	37.66784844456071	71.46308141263061
95	2.390663300910564	0.02390663300910564	15.092658093624824	301.85316187249646	37.650693433785264	37.650693433785264	71.4530067478162
96	2.45505096447878	0.0245505096447878	15.091583467034354	301.8316693406871	37.635471892028484	37.635471892028484	71.4383314589361
97	2.52014194362846	0.0252014194362846	15.09066728501194	301.81334570023876	37.67584723311692	37.67584723311692	71.43135024062846
98	2.483330711372199	0.02483330711372199	15.090987555675756	301.8197511135151	37.633559180945255	37.633559180945255	71.41637435346603
99	2.53014384688381	0.0253014384688381	15.09064953608675	301.812990721735	37.64005185243389	37.64005185243389	71.40741745878131
100	2.5375152160279084	0.025375152160279083	15.090136833301965	301.8027366660393	37.64182714564566	37.64182714564566	71.39773921880273
101	2.6171372407052713	0.026171372407052713	15.08918240322753	301.7836480645506	37.64150242199043	37.64150242199043	71.38396962638207
102	2.434845188196008	0.024348451881960078	15.090227895881204	301.8045579176241	37.608293562968754	37.608293562968754	71.37527421918534
103	2.4733440168701564	0.024733440168701566	15.089241329387663	301.7848265877533	37.580191233113865	37.580191233113865	71.35796846912201
104	2.5346286685167447	0.025346286685167446	15.088629969553121	301.77259939106244	37.5993570248634	37.5993570248634	71.35172203379706
105	2.5458795816960937	0.02545879581696094	15.088076740820304	301.7615348164061	37.53032221381527	37.53032221381527	71.31947878423243
106	2.628324342769554	0.026283243427695543	15.087503485186092	301.75006970372186	37.587236767416194	37.587236767416194	71.32477775970709
107	2.622038483272264	0.02622038483272264	15.086695627467112	301.7339125493422	37.576407436288164	37.576407436288164	71.31106624052006
108	2.5486445703874656	0.025486445703874656	15.08725693972153	301.7451387944306	37.567423743836684	37.567423743836684	71.30313199627336
