#	Epoch	E	E*lambda_E	rho	rho*lambda_rho	ae	ae*lambda_ae	total
0	31.453585154358393	0.31453585154358393	16.325262034397866	326.5052406879573	54.651429355164446	54.651429355164446	82.1857285410264
1	31.773512436612876	0.3177351243661288	16.330707009868732	326.61414019737464	54.52072569333718	54.52072569333718	82.14377819384181
2	34.89514873607704	0.3489514873607704	16.292969098653998	325.85938197307996	53.619719767818026	53.619719767818026	81.66726319104566
3	37.41037367073402	0.3741037367073402	16.26834060221362	325.36681204427236	52.8533808148312	52.8533808148312	81.28056851670753
4	42.116843876450346	0.4211684387645035	16.23531574681171	324.7063149362342	52.16684678506617	52.16684678506617	80.8712816300653
5	44.73938334547279	0.4473938334547279	16.204152044176496	324.0830408835299	51.35539305598417	51.35539305598417	80.42661794884623
6	47.9066391953619	0.479066391953619	16.158987054769888	323.17974109539773	50.721984766837885	50.721984766837885	79.9856434914039
7	52.02589009934269	0.5202589009934269	16.12454334382777	322.4908668765554	50.23693116928514	50.23693116928514	79.59551737246481
8	57.07640578403112	0.5707640578403111	16.114542148871813	322.2908429774362	49.33494326007479	49.33494326007479	79.13427082039475
9	65.17985706559328	0.6517985706559328	16.070752331895413	321.4150466379083	49.06500383574341	49.06500383574341	78.70824291198979
10	68.3959273174108	0.683959273174108	16.042169068199353	320.8433813639871	48.59037530137776	48.59037530137776	78.30116670489764
11	70.53614860005592	0.7053614860005593	15.928730113901079	318.5746022780216	48.087950818872734	48.087950818872734	77.5529510115859
12	76.46919094697061	0.7646919094697061	15.788984194160516	315.77968388321034	47.811610287853824	47.811610287853824	76.73400045625169
13	78.46529606773075	0.7846529606773075	15.680018605550543	313.60037211101087	47.7652968674268	47.7652968674268	76.15909948516558
14	81.68014867625702	0.8168014867625703	15.595376186420516	311.9075237284103	47.65724839890344	47.65724839890344	75.64148729511629
15	79.48247871211505	0.7948247871211506	15.427313497784308	308.54626995568617	47.53971905831864	47.53971905831864	74.96535783383885
16	76.05419045189494	0.7605419045189494	17.000530690016515	340.0106138003303	47.65156323752197	47.65156323752197	81.50736753519169
17	87.16394857910717	0.8716394857910718	14.9971331979818	299.942663959636	47.77759442629738	47.77759442629738	72.78228169316391
18	90.96978004472216	0.9096978004472216	14.922603839824282	298.45207679648564	48.023204675227895	48.023204675227895	72.44310350499482
19	91.01173007896878	0.9101173007896879	15.617096016422416	312.3419203284483	47.894889172058	47.894889172058	75.26444277026214
20	91.07714135530402	0.9107714135530403	15.614247799437758	312.28495598875514	48.03463464652752	48.03463464652752	75.29992455317041
21	90.99465091959496	0.9099465091959497	14.932307942299142	298.6461588459828	48.04098939941153	48.04098939941153	72.48210668507227
22	90.9002446408117	0.9090024464081171	14.92500275352399	298.5000550704798	48.036478204222526	48.036478204222526	72.45422984844281
23	90.81697597804806	0.9081697597804806	15.585765425720393	311.71530851440787	48.07979745296532	48.07979745296532	75.197399953329
24	90.52444770481262	0.9052444770481262	15.581896979390983	311.6379395878197	48.554977472841585	48.554977472841585	75.33403424148867
25	90.4358336490385	0.904358336490385	15.591446481753861	311.8289296350772	47.834151431487086	47.834151431487086	75.14385945517597
26	90.31140131243936	0.9031140131243935	15.601444483839122	312.02888967678246	47.832649459707355	47.832649459707355	75.188461115396
27	90.35159426335345	0.9035159426335345	14.93638776416976	298.7277552833952	48.00906956274763	48.00906956274763	72.49899470756719
28	90.26255235828808	0.9026255235828807	15.56733107050964	311.3466214101928	48.01609003521714	48.01609003521714	75.10909318759079
29	90.13503952285409	0.9013503952285409	15.585501037830598	311.710020756612	48.005874345061116	48.005874345061116	75.18309955672376
30	90.03294509727446	0.9003294509727446	15.56895087949009	311.37901758980183	48.0012459239722	48.0012459239722	75.1153187048082
31	90.0176108497878	0.900176108497878	14.918883377446466	298.3776675489293	48.05443324187276	48.05443324187276	72.44668229403928
32	89.85146777553096	0.8985146777553097	14.915260428111406	298.30520856222813	47.80685714788084	47.80685714788084	72.34747653016794
33	90.01096455409873	0.9001096455409874	15.557155348757306	311.1431069751461	48.00101626172321	48.00101626172321	75.06627481001553
34	89.99333426634531	0.8999333426634532	14.912224232646933	298.24448465293864	47.996295372267696	47.996295372267696	72.4004315137464
35	89.98805758257734	0.8998805758257734	14.897278470313337	297.9455694062667	48.00171976669168	48.00171976669168	72.34029287389673
36	89.9904109244481	0.899904109244481	14.902079189768582	298.04158379537165	47.99672595353928	47.99672595353928	72.35754177593998
37	89.97798563655121	0.8997798563655122	14.88950150292725	297.79003005854497	48.04333270251602	48.04333270251602	72.32176087340987
38	89.97354109045916	0.8997354109045916	14.904734555563973	298.0946911112795	48.00608270463414	48.00608270463414	72.37202175391117
39	89.80157562215183	0.8980157562215183	14.922702954342723	298.45405908685444	47.821620933899595	47.821620933899595	72.38141071295132
40	89.96512165820833	0.8996512165820834	14.89479523019736	297.8959046039472	47.99921226224861	47.99921226224861	72.32829368509498
41	89.94524859044715	0.8994524859044715	15.551381920902356	311.0276384180471	48.01291875244545	48.01291875244545	75.04519519319626
42	89.93593043709875	0.8993593043709875	14.912784122320405	298.2556824464081	48.004260455504145	48.004260455504145	72.40400707372905
43	89.92713806869943	0.8992713806869944	15.55653595558535	311.130719111707	48.04700809348051	48.04700809348051	75.0780771825837
44	89.91270055451946	0.8991270055451946	15.579666135987399	311.59332271974796	48.00336826851814	48.00336826851814	75.15985051461276
45	89.73240462730534	0.8973240462730534	15.587662051748882	311.75324103497763	47.81266837784812	47.81266837784812	75.1305303472812
46	89.87689361625557	0.8987689361625557	15.545840208469489	310.91680416938976	48.053492595109056	48.053492595109056	75.03643245130611
47	89.8553412291892	0.8985534122918919	14.908655488250597	298.17310976501193	47.99442921599949	47.99442921599949	72.38514905526448
48	89.85525847317018	0.8985525847317019	14.893132969024757	297.86265938049513	47.99593337821781	47.99593337821781	72.32105936023414
49	89.85872372216309	0.8985872372216309	14.913829852110695	298.2765970422139	47.99434257657371	47.99434257657371	72.40584980506682
50	89.851599172811	0.89851599172811	15.575865693266822	311.51731386533646	48.05384689199423	48.05384689199423	75.15987583837787
51	89.85132822586945	0.8985132822586945	14.913928450392607	298.2785690078521	47.99857439281189	47.99857439281189	72.40714883194559
52	89.84905603516408	0.8984905603516409	15.564749041327655	311.2949808265531	48.04770238875086	48.04770238875086	75.11287537505171
53	89.84949715502714	0.8984949715502714	15.550544726673811	311.01089453347623	48.002689444118076	48.002689444118076	75.03888785118194
54	89.85054607317878	0.8985054607317878	14.923109110236997	298.4621822047399	47.993499145946785	47.993499145946785	72.44366861661828
55	89.84850219889815	0.8984850219889815	14.893776608948865	297.8755321789773	47.99339407547527	47.99339407547527	72.32203509999306
56	89.8491463632862	0.8984914636328619	15.095995402051532	301.9199080410306	48.00564983830926	48.00564983830926	73.1594085867259
57	89.89722385857155	0.8989722385857155	14.914709583136622	298.29419166273243	47.99276878772326	47.99276878772326	72.40607545235704
58	89.91369256344976	0.8991369256344975	14.900877110508544	298.01754221017086	48.011811284124114	48.011811284124114	72.35552777394378
59	89.75657360172124	0.8975657360172125	15.59050677702472	311.8101355404944	47.8097531878888	47.8097531878888	75.13859375112449
60	89.91684014806721	0.8991684014806721	15.582068546614803	311.64137093229607	47.99843447787321	47.99843447787321	75.16624631665897
61	89.91610530045357	0.8991610530045356	15.576004681441155	311.52009362882313	48.00923145436019	48.00923145436019	75.14399323063601
62	89.91116704304848	0.8991116704304848	14.915716004557511	298.31432009115025	48.00821171599152	48.00821171599152	72.41551958239113
63	89.91605229658005	0.8991605229658005	14.895574233311697	297.91148466623395	48.00354552967094	48.00354552967094	72.33077933443698
64	89.91534300654418	0.8991534300654418	14.919017121760495	298.3803424352099	48.012165756745965	48.012165756745965	72.42967177089527
65	89.7573628165748	0.897573628165748	15.59257153937582	311.8514307875164	47.804720179529745	47.804720179529745	75.14612718780144
66	89.9161712680166	0.899161712680166	14.891956581078155	297.83913162156307	48.006861882718766	48.006861882718766	72.31681897007373
67	89.91709870421577	0.8991709870421578	14.904965747236377	298.09931494472755	47.99872583952885	47.99872583952885	72.36769461462546
68	89.9190067005347	0.899190067005347	15.57655123050406	311.5310246100812	48.00532395716787	48.00532395716787	75.14575817006474
69	89.91914965834839	0.8991914965834839	14.892913803073764	297.8582760614753	47.99965530839505	47.99965530839505	72.31837561129849
70	89.91845707979967	0.8991845707979966	14.928208074093414	298.56416148186827	48.01294088445056	48.01294088445056	72.46816996385127
71	89.91671738865146	0.8991671738865147	15.583885622988541	311.6777124597708	48.04861285906574	48.04861285906574	75.18977714180883
72	89.919439746118	0.89919439746118	15.563571203317052	311.271424066341	48.00358101699366	48.00358101699366	75.09117161315359
73	89.9140560918574	0.8991405609185741	14.892942137345816	297.8588427469163	48.05074909163093	48.05074909163093	72.33543796651668
74	89.91715659015463	0.8991715659015463	15.550082999699628	311.0016599939926	48.04807272621905	48.04807272621905	75.04948484506686
75	89.91356586429453	0.8991356586429453	15.57583074375311	311.5166148750622	48.003679048022235	48.003679048022235	75.14173952815439
76	89.91658463411349	0.8991658463411349	14.910917631652632	298.21835263305263	48.00211584237322	48.00211584237322	72.39261396545601
77	89.91205866310196	0.8991205866310196	15.579445729003012	311.58891458006025	48.059201571298175	48.059201571298175	75.1742431637252
78	89.91379327046485	0.8991379327046485	14.896873208288085	297.9374641657617	48.009985080398046	48.009985080398046	72.33808675495249
79	89.91556585573318	0.8991556585573318	14.903725870778773	298.0745174155755	48.00687830708821	48.00687830708821	72.36488810008478
80	89.91809627712321	0.8991809627712322	14.906606328503264	298.1321265700653	48.05052952715044	48.05052952715044	72.39139281904829
81	89.91282478374855	0.8991282478374855	15.558242687558565	311.1648537511713	48.00769902088585	48.00769902088585	75.07081529417705
82	89.91333151718851	0.8991333151718851	15.587919741784377	311.75839483568757	48.056568603032154	48.056568603032154	75.20828902424115
83	89.91212911277646	0.8991212911277646	14.890847444853415	297.8169488970683	48.05050881036445	48.05050881036445	72.3260801119509
84	89.91272785286125	0.8991272785286125	14.919116680629386	298.38233361258773	48.008025767256456	48.008025767256456	72.42902559960555
85	89.75203702372836	0.8975203702372836	14.89214294377248	297.8428588754496	48.48119537680826	48.48119537680826	72.47314111005828
86	89.91447694719172	0.8991447694719171	14.908113190510624	298.1622638102125	48.005102970264275	48.005102970264275	72.38285096711073
87	89.7443152721055	0.897443152721055	15.564177577971625	311.2835515594325	48.486785394215964	48.486785394215964	75.24699223227323
88	89.9145148722454	0.8991451487224541	15.582438442842609	311.64876885685214	48.00385231317413	48.00385231317413	75.16915031845741
89	89.91084149464473	0.8991084149464473	14.904685893896085	298.0937178779217	48.06386544163077	48.06386544163077	72.38850671723193
90	89.91667058379126	0.8991667058379126	15.573320769003804	311.46641538007606	48.045352170793066	48.045352170793066	75.14459140713755
91	89.91071923460453	0.8991071923460453	14.925062628939344	298.5012525787869	48.00836510831887	48.00836510831887	72.45375543631468
92	89.91544710781945	0.8991544710781945	14.910041312976926	298.20082625953853	48.001389201351955	48.001389201351955	72.38923214344736
93	89.91300755075248	0.8991300755075249	14.90471375130381	298.09427502607616	48.05825556668085	48.05825556668085	72.38554016932636
94	89.91330908069288	0.8991330908069288	15.56087197499522	311.2174394999044	48.00025604236461	48.00025604236461	75.078799617471
95	89.91230016859251	0.8991230016859251	14.894682613363512	297.8936522672702	48.00602630058156	48.00602630058156	72.32723543932248
96	89.91120642529322	0.8991120642529322	15.618856416742933	312.37712833485864	48.01177461759505	48.01177461759505	75.32300905157278
97	89.90709904882453	0.8990709904882453	14.923981498446844	298.4796299689369	48.010023261615444	48.010023261615444	72.44997971274945
98	89.9090035213372	0.8990900352133719	14.90452634676914	298.0905269353828	47.999644298079545	47.999644298079545	72.36636955606689
99	89.9074851927719	0.8990748519277191	15.559196273711088	311.1839254742217	48.00776987964489	48.00776987964489	75.07381297406481
100	89.90838733531659	0.8990838733531659	15.5458450073608	310.916900147216	47.999391437459074	47.999391437459074	75.01614744981886
101	89.90876353349444	0.8990876353349444	15.592592048733087	311.85184097466174	48.00373737278534	48.00373737278534	75.21113853178205
102	89.91082023567499	0.8991082023567499	14.90698812268514	298.1397624537028	48.05799684658581	48.05799684658581	72.39517838441651
103	89.90380732894924	0.8990380732894925	14.906950366355266	298.13900732710533	48.05743015606127	48.05743015606127	72.39512291082285
104	89.74323855990535	0.8974323855990535	14.894111486303423	297.88222972606843	47.8148846458216	47.8148846458216	72.25979254129867
105	89.90786427251435	0.8990786427251435	14.920077627226446	298.4015525445289	48.016806742184926	48.016806742184926	72.43607320901397
106	89.91011153605389	0.8991011153605389	15.567239497200005	311.34478994400007	48.01021109937808	48.01021109937808	75.1084828729431
107	89.90595337058946	0.8990595337058946	14.894332469232618	297.88664938465234	48.00337092916751	48.00337092916751	72.325598601511
108	89.90688454758578	0.8990688454758577	14.895943228194259	297.91886456388517	48.04786057646786	48.04786057646786	72.34674842261391
109	89.91145821433226	0.8991145821433226	14.922061396887504	298.44122793775006	48.01181452390307	48.01181452390307	72.44248672384208
110	89.90474098275736	0.8990474098275736	15.562240255694064	311.2448051138813	48.01702633625761	48.01702633625761	75.08963174059112
111	89.74769969753343	0.8974769969753343	15.583188196640712	311.6637639328143	47.80532202810402	47.80532202810402	75.10752716541693
112	89.90791749697422	0.8990791749697422	14.891904861648946	297.83809723297895	48.0081034826201	48.0081034826201	72.3165969296378
113	89.9077130522666	0.899077130522666	14.92241009358396	298.4482018716792	48.055739825090754	48.055739825090754	72.45832573952406
114	89.90927061238628	0.8990927061238628	15.588472585420954	311.76945170841907	48.00381700959684	48.00381700959684	75.19437544091986
115	89.90330666501268	0.8990330666501268	15.550088584722623	311.0017716944525	48.005899883080055	48.005899883080055	75.03573828370294
116	89.90636802047607	0.8990636802047607	14.907106689578592	298.14213379157184	47.99952339738623	47.99952339738623	72.37669706897108
117	89.90758940896012	0.8990758940896012	15.595888239304223	311.9177647860845	48.00848432828114	48.00848432828114	75.22679448506416
118	89.90672284277225	0.8990672284277226	15.562962213803415	311.2592442760683	48.04553850368121	48.04553850368121	75.10152102313984
119	89.90352576447538	0.8990352576447538	14.918224117612539	298.3644823522508	48.01601675207548	48.01601675207548	72.42797218400273
120	89.90649063318807	0.8990649063318807	14.893736442385714	297.87472884771427	48.0129179393806	48.0129179393806	72.32621605334765
121	89.90458567473813	0.8990458567473814	14.92215265918079	298.4430531836158	48.005178432145335	48.005178432145335	72.44066406688194
122	89.90761960789877	0.8990761960789877	15.575008579353828	311.5001715870766	48.052142832915955	48.052142832915955	75.15427350359371
123	89.90492292654702	0.8990492292654702	14.91746425202954	298.34928504059076	48.05833323578005	48.05833323578005	72.43872277225134
124	89.90410922142281	0.8990410922142281	15.57846873533627	311.5693747067254	48.00436897360456	48.00436897360456	75.15303548239228
125	89.90643359700721	0.8990643359700721	14.928117126035628	298.56234252071255	47.99681965502153	47.99681965502153	72.46282339395104
126	89.74273409409358	0.8974273409409358	14.921011790518081	298.42023581036165	47.808886806182535	47.808886806182535	72.36887797647398
127	89.89956273661103	0.8989956273661104	15.594129148272083	311.88258296544166	48.00976332363245	48.00976332363245	75.22035593566609
128	89.90223611677462	0.8990223611677461	14.920929234924673	298.4185846984935	48.04295325581509	48.04295325581509	72.44825737711332
129	89.90007110636888	0.8990007110636888	14.889506765790225	297.7901353158045	48.01641819005358	48.01641819005358	72.31001133231891
130	89.90666814724987	0.8990666814724988	14.899353614388284	297.98707228776567	48.00932020339117	48.00932020339117	72.34816034007936
131	89.90321410437056	0.8990321410437057	14.915120094137645	298.3024018827529	48.00606124056523	48.00606124056523	72.41231577866675
132	89.73598295994535	0.8973598295994535	14.904291229972264	298.0858245994453	47.82163243839039	47.82163243839039	72.30396294185063
133	89.89902085988028	0.8989902085988029	14.894866358460078	297.89732716920156	48.00135719880926	48.00135719880926	72.32726514294879
134	89.90354156938992	0.8990354156938992	14.922793553210246	298.4558710642049	47.997336303899715	47.997336303899715	72.44109099418677
135	89.90272106622979	0.8990272106622978	14.898630438198541	297.9726087639708	48.00240980988108	48.00240980988108	72.34291341145952
136	89.89991205352045	0.8989991205352046	15.560685608963963	311.21371217927924	48.00309458760492	48.00309458760492	75.07865002369786
137	89.907090931816	0.89907090931816	15.16774494965473	303.3548989930946	48.00651836245577	48.00651836245577	73.45372887544784
138	89.75642432503675	0.8975642432503674	14.91299610293092	298.25992205861843	48.49441883011611	48.49441883011611	72.56328412113048
139	89.91966959485023	0.8991966959485024	14.91767652969897	298.3535305939794	48.01126465710729	48.01126465710729	72.42402466701458
140	89.92396842289754	0.8992396842289755	14.905810470324273	298.11620940648544	48.01076899285887	48.01076899285887	72.37419334835086
141	89.92469598239609	0.8992469598239609	14.92105192148155	298.421038429631	48.01204142298234	48.01204142298234	72.43745860007225
142	89.92378076288017	0.8992378076288017	15.556639655172647	311.13279310345297	48.01159718560246	48.01159718560246	75.06396732056668
143	89.9204881579249	0.8992048815792489	15.574895936364516	311.4979187272903	48.01480132673526	48.01480132673526	75.14018150507869
144	89.92462577583758	0.8992462577583759	15.549324681745667	310.98649363491336	48.00270893291093	48.00270893291093	75.0306229884441
145	89.755836084939	0.8975583608493901	15.6001231498745	312.00246299749	48.48768276177696	48.48768276177696	75.39530389313809
146	89.91924661456322	0.8991924661456322	14.915819656166153	298.31639312332305	48.01226128405555	48.01226128405555	72.41622577201724
147	89.9189840289105	0.899189840289105	15.558295581080783	311.16591162161563	48.01363281308409	48.01363281308409	75.07174965035117
148	89.92556871866603	0.8992556871866603	14.917446142458413	298.3489228491683	48.05113778981334	48.05113778981334	72.43568184408147
149	89.92223937532977	0.8992223937532977	14.926274157824691	298.5254831564938	48.04632059570334	48.04632059570334	72.47074008575427
150	89.91858483092668	0.8991858483092667	15.58207345616598	311.6414691233196	48.01155774195475	48.01155774195475	75.16960583695449
151	89.92067827503814	0.8992067827503815	14.91129073131799	298.2258146263598	48.017005233919804	48.017005233919804	72.39856645368057
152	89.75837822161711	0.8975837822161711	14.904615187583028	298.09230375166055	47.80673653003831	47.80673653003831	72.30006964636881
153	89.7543841977991	0.897543841977991	14.925594340952689	298.51188681905376	47.86568652280687	47.86568652280687	72.40557310199146
154	89.91907851952514	0.8991907851952514	14.928729074232743	298.57458148465486	48.01295691523221	48.01295691523221	72.46974780463255
155	89.92126084320151	0.8992126084320151	14.916931053596889	298.3386210719378	48.00109847691519	48.00109847691519	72.41719166617648
156	89.91485194176974	0.8991485194176975	14.91926254764018	298.38525095280363	48.013371736256985	48.013371736256985	72.43075323424712
157	89.75845059794081	0.8975845059794081	14.89599504214023	297.9199008428046	48.482104095095906	48.482104095095906	72.48931277767478
158	89.91629536505636	0.8991629536505635	15.55209590216285	311.041918043257	48.01036377141311	48.01036377141311	75.04424597543817
159	89.92042798728329	0.8992042798728329	15.555081840559641	311.1016368111928	48.008222851583575	48.008222851583575	75.05676964121174
160	89.91965185470075	0.8991965185470074	15.550601345728412	311.01202691456825	48.005002041681195	48.005002041681195	75.03686550400482
161	89.91904635667258	0.8991904635667258	15.592564599417397	311.85129198834795	48.056278255460725	48.056278255460725	75.22744124626627
162	89.91842792300689	0.8991842792300689	14.893880317518803	297.8776063503761	48.01062112613676	48.01062112613676	72.32552340912721
163	89.92095204266525	0.8992095204266525	14.921409150417139	298.4281830083428	48.01163367564061	48.01163367564061	72.4384402097866
164	89.91208391273301	0.8991208391273301	14.91280851765414	298.2561703530828	48.01765014098225	48.01765014098225	72.40550177356995
165	89.9149663005556	0.8991496630055561	14.887641941340222	297.75283882680446	48.01332191831814	48.01332191831814	72.30023558406269
166	89.91677277751825	0.8991677277751825	15.57164809424214	311.43296188484277	48.005845897020954	48.005845897020954	75.12443106470914
167	89.91902575059332	0.8991902575059332	14.91718902869006	298.3437805738012	48.00288895732953	48.00288895732953	72.41863677159606
168	89.91502370450682	0.8991502370450682	14.891804330513358	297.83608661026716	48.01335182776804	48.01335182776804	72.3175256447253
169	89.92061022949034	0.8992061022949034	14.893236586424514	297.86473172849026	48.05402265119282	48.05402265119282	72.3356427748397
170	89.91815552372113	0.8991815552372113	15.576024850969631	311.5204970193926	48.007023407219364	48.007023407219364	75.14225240866666
171	89.75854157088091	0.8975854157088091	14.912536749432622	298.2507349886524	48.48279756727109	48.48279756727109	72.55719586725492
172	89.9146556900869	0.8991465569008691	15.546612095558467	310.93224191116934	48.011390171534494	48.011390171534494	75.02255647112537
173	89.92051096663955	0.8992051096663956	15.56182359914605	311.236471982921	48.002709495541964	48.002709495541964	75.08248201838255
174	89.91900730443608	0.8991900730443608	14.905797747871954	298.1159549574391	48.00940956715312	48.00940956715312	72.37441113316898
175	89.91702045714146	0.8991702045714146	15.558464453358285	311.1692890671657	48.009079656539	48.009079656539	75.07034259559305
176	89.92075248475119	0.8992075248475119	14.914114746016281	298.2822949203256	48.05468180933127	48.05468180933127	72.42297715013945
177	89.91608882709006	0.8991608882709007	15.569867379333157	311.39734758666316	48.01178057618222	48.01178057618222	75.11903081574515
178	89.9216091625598	0.899216091625598	14.893420198021392	297.8684039604278	48.006946019619384	48.006946019619384	72.32227588845181
179	89.91338891939138	0.8991338891939138	14.9098835049948	298.197670099896	48.04930732335103	48.04930732335103	72.40400489475901
180	89.91959647098966	0.8991959647098966	15.562659624301803	311.2531924860361	48.00999796762255	48.00999796762255	75.0881032408778
181	89.75486379170279	0.8975486379170279	14.920812987946018	298.4162597589204	48.487123504275964	48.487123504275964	72.5930007463725
182	89.91583143576128	0.8991583143576127	14.90418109443536	298.0836218887072	48.00083969305933	48.00083969305933	72.36342093648786
183	89.91374204382508	0.8991374204382508	14.91800282765372	298.3600565530744	48.0108297849035	48.0108297849035	72.42449574375368
184	89.9167888308131	0.8991678883081311	14.889547596829532	297.79095193659066	48.05514754815534	48.05514754815534	72.32219219409752
185	89.91555809027093	0.8991555809027094	15.580220613895072	311.6044122779015	48.054084208730416	48.054084208730416	75.17499106404509
186	89.74904035332995	0.8974904035332995	14.888653362960373	297.77306725920744	47.856981822269226	47.856981822269226	72.25044717512034
187	89.91668871390591	0.8991668871390591	14.918387042937006	298.36774085874015	48.011668300199524	48.011668300199524	72.42607876797885
188	89.91101173651955	0.8991101173651955	15.584800188411148	311.69600376822297	48.01161060620455	48.01161060620455	75.181116997934
189	89.91637175220686	0.8991637175220686	14.92314905938902	298.46298118778043	48.00487377561805	48.00487377561805	72.44377222417398
190	89.91255063647972	0.8991255063647973	14.917749861594775	298.3549972318955	47.99475561088692	47.99475561088692	72.41861744604515
191	89.91502577992573	0.8991502577992573	14.903045561641104	298.0609112328221	48.05758955806322	48.05758955806322	72.37871835248319
192	89.91148973775857	0.8991148973775858	15.575927537265116	311.5185507453023	48.00089119318073	48.00089119318073	75.14044893935113
193	89.91377856220466	0.8991377856220466	15.57721021497813	311.5442042995626	48.01523307344589	48.01523307344589	75.15032954866285
194	89.91309775309453	0.8991309775309454	14.901422229656285	298.0284445931257	48.016626676043835	48.016626676043835	72.35800568639124
195	89.9161517540639	0.8991615175406391	14.916164055088265	298.3232811017653	48.01236657428946	48.01236657428946	72.41763488676693
196	89.90919234044887	0.8990919234044887	14.941830924068324	298.8366184813665	48.055042165774914	48.055042165774914	72.53655758086707
197	89.91258511651678	0.8991258511651679	15.570145292897301	311.40290585794605	48.00289934189691	48.00289934189691	75.11717484100188
198	89.91149447785507	0.8991149447785507	15.597397446611794	311.9479489322359	48.01739110797596	48.01739110797596	75.23437071450441
199	89.91357972216143	0.8991357972216143	15.565444996224873	311.30889992449744	48.009967650992735	48.009967650992735	75.10003686096066
200	89.91039466686091	0.8991039466686092	14.899747816965629	297.9949563393126	48.01028872189205	48.01028872189205	72.34946529079943
201	89.9079765989984	0.8990797659899841	14.917314174687515	298.3462834937503	48.017791267054264	48.017791267054264	72.42315606511406
202	89.90730224537936	0.8990730224537936	15.574431112199557	311.48862224399113	48.01448887310395	48.01448887310395	75.13921646917764
203	89.90962348855021	0.8990962348855022	15.572854599434239	311.4570919886848	48.057104870949544	48.057104870949544	75.14590688417721
204	89.90808232768934	0.8990808232768934	15.571504357943418	311.43008715886833	48.050640936828366	48.050640936828366	75.13814555766592
205	89.91164011999871	0.8991164011999871	14.908254412057834	298.1650882411567	48.00836054201082	48.00836054201082	72.38370541934414
206	89.91422069651446	0.8991422069651447	14.915102603682636	298.3020520736527	48.00416932744461	48.00416932744461	72.41002041096326
207	89.9075442281549	0.899075442281549	15.593332624969563	311.86665249939125	47.997606497194724	47.997606497194724	75.21158634730516
208	89.90917752648053	0.8990917752648053	15.601832791082018	312.03665582164035	48.00400251659724	48.00400251659724	75.24920106650613
209	89.90921475771506	0.8990921475771506	15.570757530036982	311.41515060073965	47.99834247792304	47.99834247792304	75.11850796163277
210	89.90623228329224	0.8990623228329224	14.898712535261394	297.97425070522786	48.01152851769925	48.01152851769925	72.3454266213367
211	89.90851499887415	0.8990851499887416	15.579026081985159	311.5805216397032	48.050347173781745	48.050347173781745	75.16914846825333
212	89.90669181105021	0.8990669181105021	14.922845795937523	298.45691591875044	48.00391366004968	48.00391366004968	72.4421549626496
213	89.90313469631006	0.8990313469631006	14.918813438215297	298.37626876430596	48.01502674759974	48.01502674759974	72.4290331868579
214	89.74401495711768	0.8974401495711769	15.560987887602053	311.21975775204106	48.494699200476	48.494699200476	75.23502534787858
215	89.73996454865639	0.8973996454865639	14.923822188707724	298.4764437741545	48.48443321916065	48.48443321916065	72.60458250063908
216	89.90168078386417	0.8990168078386417	15.565866179241832	311.31732358483663	48.019122049130836	48.019122049130836	75.1039195248447
217	89.74358341660694	0.8974358341660694	15.569048324996835	311.3809664999367	47.821748134915644	47.821748134915644	75.05326819588826
218	89.74250091545491	0.8974250091545491	14.886918642029796	297.7383728405959	47.81617848330312	47.81617848330312	72.23039414051124
219	89.90295252172736	0.8990295252172736	14.900651667429857	298.01303334859716	48.05030891404582	48.05030891404582	72.36501084072927
220	89.90518263744907	0.8990518263744908	15.561801692228627	311.23603384457255	48.00913234256844	48.00913234256844	75.0851273741875
221	89.90251119738575	0.8990251119738575	14.902845634146837	298.05691268293674	48.01445612411541	48.01445612411541	72.36317455196085
222	89.90051841176066	0.8990051841176065	14.907439834376962	298.14879668753923	48.01169060166449	48.01169060166449	72.38151241128924
223	89.74416117639488	0.8974416117639489	14.905250124670012	298.1050024934002	47.81837246733626	47.81837246733626	72.30556110515678
224	89.90591403184855	0.8990591403184856	14.912898667661567	298.25797335323136	48.01460774886479	48.01460774886479	72.40472960437873
225	89.89965858301193	0.8989965858301193	14.918093518214656	298.3618703642931	48.00661926718308	48.00661926718308	72.4238579003889
226	89.89969292441978	0.8989969292441978	15.575624253783184	311.5124850756637	48.00843078176787	48.00843078176787	75.14122992856555
227	89.90016457766652	0.8990016457766652	15.590451511322827	311.80903022645657	48.00605494189273	48.00605494189273	75.20228516991891
228	89.89943016205909	0.8989943016205909	15.560345232903229	311.20690465806456	48.00445991508113	48.00445991508113	75.0770327885671
229	89.89837016694783	0.8989837016694783	15.586939178095996	311.73878356191994	48.04742949881123	48.04742949881123	75.20147893621284
230	89.89541223105353	0.8989541223105353	15.585343996350671	311.7068799270134	48.01136309333638	48.01136309333638	75.18235200984779
231	89.90233116971044	0.8990233116971044	15.03425785131457	300.6851570262914	48.00932941504622	48.00932941504622	72.90290788784036
232	89.9151568848172	0.8991515688481719	14.898114625764048	297.962292515281	48.00887822627818	48.00887822627818	72.34149190441892
233	89.75551121909258	0.8975551121909259	15.583589224580578	311.67178449161156	47.81031579757035	47.81031579757035	75.10923434307462
234	89.90819183320684	0.8990819183320684	15.573370182653498	311.46740365306994	48.05607148627194	48.05607148627194	75.147444446511
235	89.91293046166244	0.8991293046166244	15.569940826897943	311.39881653795885	48.01516843188643	48.01516843188643	75.11970632139491
236	89.9160754565992	0.8991607545659921	14.912047941648025	298.2409588329605	48.044783803340614	48.044783803340614	72.41066084045845
237	89.90979182425993	0.8990979182425993	15.590100250829101	311.80200501658203	48.010637478810644	48.010637478810644	75.20242067364003
238	89.9142274851504	0.8991422748515041	15.564046206659846	311.2809241331969	48.00874569790283	48.00874569790283	75.0932378335695
239	89.9088380538472	0.8990883805384721	14.907718445195252	298.15436890390504	48.00541170316612	48.00541170316612	72.38007976886465
240	89.91486325014029	0.8991486325014029	14.922543220128574	298.4508644025715	48.008198991632185	48.008198991632185	72.44261832342774
241	89.91485933743488	0.8991485933743488	14.892815200203506	297.8563040040701	48.0094342026821	48.0094342026821	72.31982465461748
242	89.91228967143017	0.8991228967143018	14.914862389608649	298.297247792173	48.0025775245669	48.0025775245669	72.40885315563138
243	89.91281351052244	0.8991281351052244	15.564014518236668	311.28029036473333	48.01288529396132	48.01288529396132	75.09444703881073
244	89.91346222118744	0.8991346222118745	14.907058702982535	298.1411740596507	48.00601514155949	48.00601514155949	72.3774916847191
245	89.90829027326913	0.8990829027326913	14.891683449491175	297.83366898982354	48.01630072069572	48.01630072069572	72.31705765615926
246	89.9125546462944	0.899125546462944	14.920969514002472	298.41939028004947	48.04838568268914	48.04838568268914	72.4493907975329
247	89.91082124185583	0.8991082124185583	15.562761625735732	311.25523251471463	48.01198617003635	48.01198617003635	75.08936795602962
248	89.91229891570963	0.8991229891570963	15.60113856982096	312.0227713964192	48.010537427138914	48.010537427138914	75.248205806103
249	89.9090000606217	0.8990900006062169	14.91867429957573	298.3734859915146	48.00952040459568	48.00952040459568	72.4265269266332
250	89.91046900713484	0.8991046900713484	14.9118928250328	298.237856500656	48.01201490855061	48.01201490855061	72.39952713680526
251	89.91472940812282	0.8991472940812283	15.560858959629332	311.2171791925866	48.05534062328792	48.05534062328792	75.09530058151624
252	89.90929511406021	0.8990929511406022	15.571382787848172	311.4276557569634	48.051373354936544	48.051373354936544	75.13734461181932
253	89.90800695961917	0.8990800695961917	14.897503710349039	297.9500742069808	47.999932888006335	47.999932888006335	72.33565648113577
254	89.90665918659067	0.8990665918659068	14.919571854810139	298.39143709620276	48.00856440166412	48.00856440166412	72.42930217040045
255	89.904749270281	0.89904749270281	14.919393609806207	298.38787219612414	48.05274171771417	48.05274171771417	72.44439226992446
256	89.74794371799143	0.8974794371799143	14.891881894244559	297.8376378848912	47.80755987988102	47.80755987988102	72.24709860758895
257	89.90655191505203	0.8990655191505204	15.58292708185901	311.6585416371802	48.050294485870005	48.050294485870005	75.18469106023268
258	89.74393287950606	0.8974393287950606	15.577025749920868	311.54051499841734	48.483008841313634	48.483008841313634	75.29704458864782
259	89.90343405986769	0.8990343405986769	14.902512223226674	298.0502444645335	48.00409453227915	48.00409453227915	72.35874535118305
260	89.90751008096036	0.8990751008096036	14.904530334917427	298.09060669834855	48.01134072896283	48.01134072896283	72.36841221549751
261	89.90529442221907	0.8990529442221907	15.555835869343227	311.11671738686454	48.01396697919798	48.01396697919798	75.06093707571814
262	89.90630631614988	0.8990630631614989	15.549759004168063	310.9951800833613	47.99893437890953	47.99893437890953	75.03078436939163
263	89.90357695982007	0.8990357695982008	14.91385095844738	298.2770191689476	48.007141223454994	48.007141223454994	72.40524317657358
264	89.9051767570673	0.899051767570673	14.91324245484838	298.2648490969676	48.00569531412884	48.00569531412884	72.40308409430767
265	89.9067752497485	0.899067752497485	15.568516274342944	311.37032548685886	48.01262480928369	48.01262480928369	75.11215493000104
266	89.90807714515367	0.8990807714515368	15.57797535770597	311.5595071541194	48.002903660930066	48.002903660930066	75.14945923388944
267	89.9038737534308	0.8990387375343081	15.556382555492753	311.12765110985504	48.019942543885534	48.019942543885534	75.0653936010795
268	89.73962737925177	0.8973962737925177	14.889366927134503	297.78733854269007	48.52827077780755	48.52827077780755	72.47696570702881
269	89.90037165006522	0.8990037165006523	15.54614399513358	310.9228799026716	48.009377105392744	48.009377105392744	75.01966609570084
270	89.90148057697938	0.8990148057697939	14.898097235135213	297.9619447027043	48.016346645486394	48.016346645486394	72.34408699186886
271	89.90100114624896	0.8990100114624896	14.89490166918356	297.8980333836712	48.00187456392582	48.00187456392582	72.32571999427746
272	89.90253974298604	0.8990253974298604	15.554003653104859	311.0800730620972	48.0133354878584	48.0133354878584	75.0529194927288
273	89.89896089200873	0.8989896089200873	14.910182966933661	298.2036593386732	48.01363162826403	48.01363162826403	72.39325313110116
274	89.73805108028012	0.8973805108028011	14.901596456797195	298.0319291359439	47.827559927244884	47.827559927244884	72.29308249802425
275	89.89902047924082	0.8989902047924082	15.567613281445128	311.35226562890256	48.01292003892863	48.01292003892863	75.10968963825411
276	89.73381712678302	0.8973381712678302	15.560581560798322	311.21163121596646	48.49080370256836	48.49080370256836	75.23144354347623
277	89.89919959061008	0.8989919959061008	15.559137112499771	311.18274224999544	48.00907169523422	48.00907169523422	75.07263765674912
278	89.89941052032277	0.8989941052032278	15.575491701819406	311.5098340363881	48.00946240063508	48.00946240063508	75.14083379167337
279	89.73084734573122	0.8973084734573122	15.576696946751975	311.5339389350395	47.85817334057651	47.85817334057651	75.09598357136888
280	89.57015213846199	0.8957015213846199	14.910671996158598	298.21343992317196	48.30395325376834	48.30395325376834	72.48686134789858
281	89.89415970549719	0.8989415970549719	14.931881384642812	298.63762769285626	48.0106762097032	48.0106762097032	72.48133148128937
282	89.90094044149245	0.8990094044149245	15.58371478405345	311.674295681069	48.045520683956546	48.045520683956546	75.18704732429697
283	89.89714195346835	0.8989714195346835	15.579024399662824	311.5804879932565	48.01752781361471	48.01752781361471	75.15698591054141
284	89.89542814100449	0.8989542814100449	14.889673942947164	297.7934788589433	48.01050954298121	48.01050954298121	72.30654503294191
285	89.89631050201622	0.8989631050201622	15.578407495936895	311.5681499187379	48.01260923003356	48.01260923003356	75.15399768453972
286	89.89616993687541	0.8989616993687541	15.566911881043476	311.3382376208695	48.01158709128591	48.01158709128591	75.10626833655495
287	89.89528269773604	0.8989528269773603	14.920106778127936	298.4021355625587	48.057267799824054	48.057267799824054	72.44749130043414
288	89.89402609745059	0.898940260974506	14.912053143224352	298.24106286448705	48.010649817106234	48.010649817106234	72.40000202365923
289	89.89853784889985	0.8989853784889985	15.563313100127933	311.2662620025587	48.000611854230414	48.000611854230414	75.08785847512512
290	89.89357191706603	0.8989357191706603	14.90353570009451	298.0707140018902	48.00336181153933	48.00336181153933	72.36292040144137
291	89.89247992514157	0.8989247992514158	15.580458403110129	311.60916806220257	48.008922328946745	48.008922328946745	75.1617761561129
292	89.89056706624721	0.8989056706624722	15.582704668476806	311.6540933695361	48.01599853784291	48.01599853784291	75.17317356856611
293	89.89202141021839	0.8989202141021839	15.58636031185049	311.7272062370098	48.00511839192382	48.00511839192382	75.18470299233252
294	89.8931769867858	0.898931769867858	14.916007917949367	298.3201583589873	48.00717296011414	48.00717296011414	72.41454836571693
295	89.89007693124215	0.8989007693124215	15.58902901106487	311.7805802212974	48.00117809298766	48.00117809298766	75.19434811619895
296	89.8858761964534	0.898858761964534	14.902011099443444	298.0402219888689	48.01040064140868	48.01040064140868	72.35843339018122
297	89.89030731945174	0.8989030731945173	15.554986413119988	311.09972826239976	48.00957856675044	48.00957856675044	75.05611157605682
298	89.89274881217375	0.8989274881217375	15.56046713932261	311.20934278645217	48.00655176734442	48.00655176734442	75.07821898360842
299	89.88421162565992	0.8988421162565992	14.912797169909028	298.2559433981806	48.01738240570468	48.01738240570468	72.40479537476466
300	89.88375329228285	0.8988375329228285	15.606051159931114	312.1210231986223	48.01158368756574	48.01158368756574	75.26904350040049
301	89.72247302829226	0.8972247302829226	15.552285477674827	311.0457095534965	48.53296103889521	48.53296103889521	75.21060927300947
302	89.88274372588367	0.8988274372588367	15.568100830447177	311.3620166089435	48.00459473924551	48.00459473924551	75.108809690275
303	89.88095151074656	0.8988095151074655	15.571762387718646	311.43524775437294	48.05641963287142	48.05641963287142	75.14076978021511
304	89.87475470211189	0.8987475470211189	14.91696949599521	298.3393899199042	48.006956856353746	48.006956856353746	72.41890002832413
305	89.88118376286752	0.8988118376286752	14.893422190023838	297.86844380047677	48.00910666433194	48.00910666433194	72.32243191511311
306	89.87784799111124	0.8987784799111124	15.565484014896127	311.3096802979225	48.00393349641398	48.00393349641398	75.09883203254621
307	89.87511760595822	0.8987511760595822	15.55840875437905	311.168175087581	48.00751756345993	48.00751756345993	75.07056759292753
308	89.87928273589864	0.8987928273589865	14.908349621666687	298.16699243333375	48.003805954437915	48.003805954437915	72.38240545877387
309	89.87675480874306	0.8987675480874306	14.905533566498399	298.110671329968	48.006715428469604	48.006715428469604	72.37149490681155
310	89.88111958205536	0.8988111958205537	14.892425465475059	297.8485093095012	48.008356799206936	48.008356799206936	72.31831519550188
311	89.87533685634433	0.8987533685634433	14.912886348164308	298.2577269632862	48.01323513067697	48.01323513067697	72.40439793442225
312	89.87465658792136	0.8987465658792136	15.593730638580825	311.8746127716165	48.00594142848766	48.00594142848766	75.21618271763755
313	89.8737607294694	0.898737607294694	14.921660970350096	298.43321940700196	48.00897399660047	48.00897399660047	72.43856999261223
314	89.87826278213686	0.8987826278213686	14.914943783556952	298.29887567113906	48.00269405252548	48.00269405252548	72.40880981298207
315	89.87937886534363	0.8987937886534363	15.547722592286204	310.95445184572407	48.00298449416556	48.00298449416556	75.02424949098562
316	89.87587044648679	0.8987587044648678	15.557195422530924	311.1439084506185	47.999922569810415	47.999922569810415	75.06236725821304
317	89.87778926913641	0.8987778926913642	15.573392803058757	311.46785606117515	48.00273057175805	48.00273057175805	75.1302871001774
318	89.87436017306979	0.8987436017306979	14.911412997085494	298.2282599417099	48.00476393397552	48.00476393397552	72.3952123482728
319	89.86822274695159	0.8986822274695159	15.559597616048341	311.19195232096683	48.011864251665024	48.011864251665024	75.07657455143926
320	89.71246101833714	0.8971246101833714	14.903211172977601	298.064223459552	48.48272786075616	48.48272786075616	72.5187586247246
321	89.87276808775165	0.8987276808775165	15.585351099958938	311.7070219991788	48.01001960431151	48.01001960431151	75.18284063397648
322	89.86715089517715	0.8986715089517715	15.573839824159958	311.47679648319917	48.006319160455256	48.006319160455256	75.13348541955823
323	89.8679498358068	0.898679498358068	14.889492516147605	297.78985032295213	48.05249077422563	48.05249077422563	72.32080671921497
324	89.70843841591784	0.8970843841591785	14.927580260301394	298.5516052060279	48.49041268974972	48.49041268974972	72.6218215974308
325	89.8682548413926	0.898682548413926	14.909014664427053	298.18029328854107	47.99873734078989	47.99873734078989	72.3828481722627
326	89.86790387108908	0.8986790387108908	14.919103098555102	298.382061971102	48.004335192532054	48.004335192532054	72.42713000068247
327	89.87035481518768	0.8987035481518768	14.91814389704837	298.3628779409674	48.00634321676378	48.00634321676378	72.42312555627598
328	89.8690465941978	0.898690465941978	15.591634155270238	311.8326831054048	47.99984184110673	47.99984184110673	75.20540253513161
329	89.85984642920906	0.8985984642920906	14.911634044000735	298.2326808800147	48.00979892068876	48.00979892068876	72.39799773369353
330	89.85380500148145	0.8985380500148145	14.89880695301951	297.9761390603902	48.005830104899445	48.005830104899445	72.34432519913197
331	89.85592884073951	0.8985592884073951	14.908362182434221	298.1672436486844	48.00973273130921	48.00973273130921	72.384128671429
332	89.85817533653739	0.8985817533653738	15.562733690207628	311.25467380415256	48.006081619253855	48.006081619253855	75.0876036513292
333	89.85723081784039	0.898572308178404	14.892731026285235	297.8546205257047	48.013242607607864	48.013242607607864	72.32114747586039
334	89.85719888029037	0.8985719888029037	14.912766722410256	298.25533444820513	48.01279223687174	48.01279223687174	72.40370278366419
335	89.85599833604824	0.8985599833604825	15.571421432969798	311.42842865939593	48.05729525371572	48.05729525371572	75.14033033566635
336	89.693929713991	0.8969392971399099	15.574091854323047	311.4818370864609	47.819573835327446	47.819573835327446	75.07303412267221
337	89.85504805490693	0.8985504805490693	14.910695075691994	298.21390151383986	48.00434255987076	48.00434255987076	72.39233577713078
338	89.8511919914019	0.898511919914019	14.925246793679516	298.50493587359034	48.0077838642537	48.0077838642537	72.45403950528389
339	89.68396325660622	0.8968396325660623	15.56842419366926	311.36848387338523	48.49160931904466	48.49160931904466	75.26541666590231
340	89.6943395959284	0.896943395959284	15.555356875868318	311.10713751736637	47.80663738787712	47.80663738787712	74.99125089347699
341	89.8518029766674	0.898518029766674	14.892647480384445	297.8529496076889	48.00281041219038	48.00281041219038	72.31779875692763
342	89.6826502156667	0.896826502156667	14.908085065702776	298.1617013140555	48.52962784341059	48.52962784341059	72.55483460573002
343	89.68985664585304	0.8968985664585304	14.91890209322843	298.3780418645686	47.81433848185135	47.81433848185135	72.36136886246962
344	89.85299758552438	0.8985299758552437	15.567971493043355	311.3594298608671	48.013041531718756	48.013041531718756	75.11137812352281
345	89.85176078734581	0.8985176078734581	15.58693347050868	311.7386694101736	48.050289773444185	48.050289773444185	75.20155560962294
346	89.84375095067172	0.8984375095067172	14.914074554587659	298.2814910917532	48.00836427851526	48.00836427851526	72.40815472737276
347	89.8482933396594	0.8984829333965941	15.573980167864606	311.47960335729215	48.0622480613121	48.0622480613121	75.15232147510505
348	89.85204739445983	0.8985204739445983	14.885263859334632	297.7052771866926	48.00204851447973	48.00204851447973	72.28664658532456
349	89.8441927635595	0.898441927635595	14.903675132429761	298.0735026485952	48.00377742885266	48.00377742885266	72.36315765593193
350	89.84854106252097	0.8984854106252097	15.562744999505004	311.25489999010006	48.001233037846966	48.001233037846966	75.08578810518911
351	89.84625021379433	0.8984625021379433	14.915731034988857	298.31462069977715	48.007055490804504	48.007055490804504	72.41404862745169
352	89.84525795470107	0.8984525795470107	15.58155245524687	311.6310491049374	47.99758290150139	47.99758290150139	75.16312275494595
353	89.84023854582435	0.8984023854582435	14.890395900216134	297.8079180043227	48.00450227809051	48.00450227809051	72.30930333339238
354	89.84072677356667	0.8984072677356667	14.903837281006615	298.0767456201323	47.99658237501697	47.99658237501697	72.36213386552878
355	89.84729623192528	0.8984729623192529	14.893193216574895	297.8638643314979	48.00389168617157	48.00389168617157	72.32019211588475
356	89.83696233043285	0.8983696233043286	14.890606134998173	297.8121226999634	48.0091081542483	48.0091081542483	72.31164487978732
357	89.8435521207308	0.8984355212073081	15.590191598361884	311.80383196723767	48.002345175657524	48.002345175657524	75.19998679173966
358	89.67381824448647	0.8967381824448647	14.919273697127222	298.3854739425444	48.49852143170954	48.49852143170954	72.5895791141723
359	89.84058897832372	0.8984058897832372	14.9103013216454	298.206026432908	48.00925358095061	48.00925358095061	72.3924658358651
360	89.83741213190636	0.8983741213190637	14.897976932678441	297.9595386535688	48.05491712960356	48.05491712960356	72.35708110432199
361	89.84590931912612	0.8984590931912613	15.555728101782092	311.1145620356418	48.002465417813085	48.002465417813085	75.05754991806644
362	89.845020378092	0.89845020378092	14.90335343377446	298.0670686754892	48.0004573917184	48.0004573917184	72.36111724832043
363	89.83918913769267	0.8983918913769268	15.544896840836271	310.8979368167254	47.9998155246174	47.9998155246174	75.0113209214192
364	89.83620464058777	0.8983620464058777	14.896908690252655	297.9381738050531	48.00600026161744	48.00600026161744	72.33618816942517
365	89.83756294107624	0.8983756294107624	14.888405870937369	297.76811741874735	48.00959429796911	48.00959429796911	72.30251987641161
366	89.83400070292659	0.8983400070292659	14.89089145909822	297.8178291819644	48.01085803095604	48.01085803095604	72.31352449001476
367	89.84180842372903	0.8984180842372904	14.923629057870967	298.4725811574193	47.99479951471234	47.99479951471234	72.44281992831593
368	89.83618859539884	0.8983618859539884	15.575378392528327	311.50756785056655	47.99711635331706	47.99711635331706	75.13710908269317
369	89.83445279213021	0.898344527921302	14.920179999735092	298.40359999470184	48.00117687813641	48.00117687813641	72.43028741364
370	89.83315064434663	0.8983315064434664	14.914266823838112	298.28533647676227	48.012495678792206	48.012495678792206	72.4095300168862
371	89.6701837505212	0.896701837505212	14.906770212780108	298.13540425560217	47.802261347123704	47.802261347123704	72.30737370434211
372	89.83836341465907	0.8983836341465907	15.579204389386382	311.58408778772764	48.01094104781045	48.01094104781045	75.15745136187464
373	89.83264300729442	0.8983264300729442	14.91070679909696	298.2141359819392	48.00150970388412	48.00150970388412	72.39173267323692
374	89.83678453042583	0.8983678453042583	15.561923074590702	311.23846149181406	48.014597219434826	48.014597219434826	75.08671731740293
375	89.83290018530738	0.8983290018530738	15.572125794075774	311.4425158815155	48.00938064359493	48.00938064359493	75.12825507856813
376	89.82634950137206	0.8982634950137207	14.930521117173857	298.6104223434771	47.9995978417194	47.9995978417194	72.4716323866015
377	89.83127498733049	0.8983127498733049	15.576452557165393	311.52905114330787	47.99823597342352	47.99823597342352	75.14185099986028
378	89.82634951839046	0.8982634951839046	14.920370330435688	298.40740660871376	47.99501540371073	47.99501540371073	72.42964536487074
379	89.8312220644408	0.898312220644408	14.917148191245134	298.3429638249027	48.0446675707427	48.0446675707427	72.43219204174467
380	89.82895595652212	0.8982895595652213	14.908501165651046	298.1700233130209	48.0095206043221	48.0095206043221	72.38551250045077
381	89.83119599365752	0.8983119599365752	14.919348509653377	298.38697019306755	47.99714233728427	47.99714233728427	72.42523940305877
382	89.82930956007756	0.8982930956007756	15.577229362270547	311.5445872454109	48.006476172329315	48.006476172329315	75.1480706101893
383	89.82049156336063	0.8982049156336064	15.565529668866018	311.31059337732034	48.00211200273473	48.00211200273473	75.09792825346713
384	89.82657194953644	0.8982657194953645	15.547110030858272	310.94220061716544	48.01138078813251	48.01138078813251	75.02405197297736
385	89.82012914966583	0.8982012914966583	15.577810807966836	311.5562161593367	48.0054586745704	48.0054586745704	75.15001326661746
386	89.65223793363216	0.8965223793363216	15.5810146808072	311.620293616144	48.48525022080287	48.48525022080287	75.31543504308608
387	89.81535175566115	0.8981535175566115	14.908405052264023	298.1681010452804	48.00108692262325	48.00108692262325	72.3817257943473
388	89.81385273446584	0.8981385273446584	14.900386146383832	298.00772292767664	48.00914584148959	48.00914584148959	72.35201554071297
389	89.81317517217349	0.8981317517217349	14.913130333529386	298.26260667058773	48.044571295699456	48.044571295699456	72.41637180381782
390	89.81309196140195	0.8981309196140196	15.571861561936633	311.43723123873264	48.00981897530389	48.00981897530389	75.12678473326021
391	89.80890742735737	0.8980890742735737	15.568648660702564	311.3729732140513	48.009772999497095	48.009772999497095	75.11359120711853
392	89.80878181000753	0.8980878181000753	14.903487329985586	298.0697465997117	48.00056496559889	48.00056496559889	72.36190639628963
393	89.81376645416616	0.8981376645416616	14.907572085752953	298.15144171505904	47.995878106945916	47.995878106945916	72.37677275988041
394	89.64737956338706	0.8964737956338706	15.574820666594075	311.4964133318815	47.864381934949805	47.864381934949805	75.09072554893918
395	89.8137033635034	0.8981370336350339	14.918262909398727	298.3652581879745	47.99647386927642	47.99647386927642	72.42082434815323
396	89.81175722989455	0.8981175722989455	14.914647289414448	298.292945788289	48.00318132612842	48.00318132612842	72.40866302664556
397	89.81638699107414	0.8981638699107414	14.919259804571764	298.38519609143526	48.04488809842414	48.04488809842414	72.4413215832255
398	89.80923568359204	0.8980923568359204	15.576644812650722	311.5328962530144	48.00743417994456	48.00743417994456	75.14581005683118
399	89.8050795744579	0.8980507957445791	15.579301124364555	311.5860224872911	48.00245259749325	48.00245259749325	75.15528550206312
