#idx 	 atoms.symbols 	 etot  (Har) 	 ehf  (Har) 	 eccsd  (Har) 	 eccsdt  (Har) 
0 	 H2 	 -1.1723488865668206 	 -1.132975038054421 	 -1.1723488865668206 	 0.0 
1 	 N2 	 -109.41916243018879 	 -108.98145828031504 	 -109.39987190497531 	 -0.019290525213475435 
2 	 LiF 	 -107.305942205048 	 -106.97904009260701 	 -107.29740291900103 	 -0.008539286046969267 
3 	 CNH 	 -93.32175404633898 	 -92.90747111697682 	 -93.30314307963961 	 -0.018610966699363667 
4 	 CO2 	 -188.4017587505662 	 -187.70593653947043 	 -188.37186545900383 	 -0.029893291562372585 
5 	 Cl2 	 -919.5958911885617 	 -918.9833433013615 	 -919.5753743043425 	 -0.020516884219198624 
6 	 F2 	 -199.3364659747656 	 -198.74547879718097 	 -199.31762780726305 	 -0.018838167502542108 
7 	 C2H2 	 -77.2336470993193 	 -76.84858331832918 	 -77.2165899733501 	 -0.017057125969197822 
8 	 OC 	 -113.201730216515 	 -112.77919908243715 	 -113.18400910892808 	 -0.01772110758692133 
9 	 ClH 	 -460.4234538667477 	 -460.1003633107061 	 -460.41426841855167 	 -0.009185448196058314 
10 	 LiH 	 -8.038079906478378 	 -7.986101896988333 	 -8.037999588659028 	 -8.03178193496631e-05 
11 	 Na2 	 -324.03216786711033 	 -323.6910174375887 	 -324.0275937699263 	 -0.004574097184067576 
12 	 C 	 -37.799082966678284 	 -37.69025250742052 	 -37.79681847880303 	 -0.0022644878752484674 
13 	 Cl 	 -459.7548399975845 	 -459.4771934240406 	 -459.7480187483307 	 -0.006821249253766888 
14 	 F 	 -99.64090370770174 	 -99.40180901601882 	 -99.63670732274585 	 -0.004196384955884596 
15 	 H 	 -0.4998179156304198 	 -0.4998179156304198 	 -0.4998179156304198 	 None 
16 	 Li 	 -7.447596712081985 	 -7.432026884831439 	 -7.447579451221097 	 -1.7260860888329232e-05 
17 	 N 	 -54.53396413910464 	 -54.398892478974204 	 -54.53145416215018 	 -0.002509976954455098 
18 	 Na 	 -162.00214355971494 	 -161.84598272322185 	 -162.00050764069567 	 -0.0016359190192576372 
19 	 O 	 -74.99416120454063 	 -74.80934013429192 	 -74.99083919612065 	 -0.003322008419985842 
