#idx 	 atoms.symbols 	 etot  (Har) 	 ehf  (Har) 	 eccsd  (Har) 	 eccsdt  (Har) 
0 	 H2 	 -1.1723488865668208 	 -1.132975038054421 	 -1.1723488865668208 	 0.0 
1 	 N2 	 -109.4191624301889 	 -108.9814582803151 	 -109.39987190497544 	 -0.019290525213470546 
2 	 LiF 	 -107.30594220504778 	 -106.97904009260681 	 -107.29740291900082 	 -0.008539286046969225 
3 	 CNH 	 -93.32175404633894 	 -92.90747111697675 	 -93.30314307963957 	 -0.018610966699364326 
4 	 C 	 -37.7990829666783 	 -37.69025250742053 	 -37.79681847880305 	 -0.002264487875248443 
5 	 F 	 -99.64090370770158 	 -99.40180901601866 	 -99.63670732274569 	 -0.004196384955884577 
6 	 H 	 -0.49981791563041994 	 -0.49981791563041994 	 -0.49981791563041994 	 None 
7 	 Li 	 -7.447596712081987 	 -7.432026884831441 	 -7.447579451221099 	 -1.7260860888329124e-05 
8 	 N 	 -54.533964139104626 	 -54.39889247897419 	 -54.53145416215017 	 -0.002509976954454293 
9 	 C 	 -37.387421444608364 	 -37.29300984529954 	 -37.38599878785224 	 -0.0014226567561263063 
10 	 C 	 -37.799082966678284 	 -37.69025250742052 	 -37.79681847880303 	 -0.0022644878752483516 
11 	 Li 	 -7.2507995132433365 	 -7.235839582260126 	 -7.2507995132433365 	 0.0 
12 	 Li 	 -7.447596712081986 	 -7.43202688483144 	 -7.447579451221098 	 -1.7260860888329056e-05 
