#	Epoch	E	E*lambda_E	rho	rho*lambda_rho	ae	ae*lambda_ae	total
0	31.452182210405017	0.31452182210405016	15.253627259659707	305.0725451931941	54.642176518234805	54.642176518234805	77.95599450273805
1	33.54635550575447	0.3354635550575447	15.22642220623039	304.5284441246078	54.30188775772612	54.30188775772612	77.72051163074455
2	35.903079797354074	0.35903079797354076	15.209273325122481	304.18546650244963	53.538023843202026	53.538023843202026	77.33518236277922
3	38.55418295495865	0.3855418295495865	15.166861788598993	303.33723577197986	52.84847167953551	52.84847167953551	76.87681610226544
4	41.38302803302061	0.4138302803302061	15.143370262684615	302.8674052536923	51.961459604836186	51.961459604836186	76.44383006511364
5	44.60158068710083	0.4460158068710083	15.116541139009906	302.3308227801981	51.333216220584724	51.333216220584724	76.04290544084756
6	48.00160744457882	0.48001607444578825	15.09573223541142	301.9146447082284	50.65943588554578	50.65943588554578	75.68341255478681
7	54.526880544115286	0.5452688054411529	15.053745676186997	301.07491352373995	50.18418116368539	50.18418116368539	75.2347564125868
8	55.225518579207254	0.5522551857920726	15.042093043165432	300.8418608633086	49.59517626509885	49.59517626509885	74.92690580880266
9	51.50617940508345	0.5150617940508345	15.043611092105662	300.8722218421132	49.436442144339644	49.436442144339644	74.96062845199549
10	48.083229410680275	0.4808322941068028	15.052572524616089	301.0514504923218	49.606492221770004	49.606492221770004	75.10111819581942
11	48.30328525864749	0.48303285258647494	15.04415183741423	300.8830367482846	49.49742674394537	49.49742674394537	75.00155491669459
12	49.22547716103959	0.49225477161039594	15.030466388096073	300.60932776192146	49.298304857221666	49.298304857221666	74.84969476988677
13	49.95904826398422	0.49959048263984224	15.016259256148475	300.3251851229695	49.15895722456351	49.15895722456351	74.71406755486626
14	50.64266276273992	0.5064266276273992	15.00982921418675	300.196584283735	48.91316648907939	48.91316648907939	74.5812699300445
15	51.24465681008772	0.5124465681008772	15.003741345532012	300.07482691064024	48.787822161976166	48.787822161976166	74.48044816667554
16	52.31999012808691	0.5231999012808691	14.998924162478156	299.9784832495631	48.56870043022108	48.56870043022108	74.35252789448468
17	52.92788698528552	0.5292788698528552	14.98769801213084	299.7539602426168	48.421229123502926	48.421229123502926	74.22075809159665
18	54.24598497705792	0.5424598497705793	14.982200981784896	299.64401963569793	48.40631776101863	48.40631776101863	74.13599794668967
19	55.226080820839016	0.5522608082083902	14.968058462689914	299.36116925379827	48.25154196877731	48.25154196877731	73.9821594002549
20	55.89881068302147	0.5589881068302147	14.952717927155126	299.0543585431025	48.12430138371453	48.12430138371453	73.83370910729518
21	57.3894365987465	0.573894365987465	14.939612802317837	298.7922560463567	48.00932105405057	48.00932105405057	73.68847598697074
22	58.464216691152046	0.5846421669115205	14.940880006105752	298.81760012211504	47.90243098553679	47.90243098553679	73.6023237257505
23	59.058065256369254	0.5905806525636925	14.928505407154537	298.57010814309075	47.71029655496343	47.71029655496343	73.43752803334775
24	59.242575071461914	0.5924257507146191	14.919849211806648	298.39698423613294	47.656692439779036	47.656692439779036	73.35937739311407
25	59.906539887294116	0.5990653988729412	14.930120420214273	298.6024084042855	47.48087077720221	47.48087077720221	73.31665583918146
26	60.9005226243464	0.609005226243464	14.926991288819769	298.5398257763954	47.473727116681275	47.473727116681275	73.244907951091
27	64.81953894813444	0.6481953894813444	14.822667901817963	296.45335803635925	47.49835067868957	47.49835067868957	72.66016321235307
28	67.70760165929461	0.6770760165929461	14.787864729477219	295.75729458954436	47.08422854798819	47.08422854798819	72.31184842066315
29	62.55867821004607	0.6255867821004607	11.341515779682794	226.83031559365588	47.10901228464196	47.10901228464196	58.74009536028278
30	59.93521467974599	0.59935214679746	14.883126460751106	297.6625292150221	47.11967148258525	47.11967148258525	72.89997791780462
31	60.44112905450859	0.6044112905450859	14.870665074377007	297.41330148754014	47.04370784376194	47.04370784376194	72.7958055052212
32	61.6433236672162	0.616433236672162	14.8530989179951	297.061978359902	47.08391850472174	47.08391850472174	72.67389351434498
33	62.33830858014581	0.6233830858014581	14.846983906088305	296.93967812176606	46.960271919127045	46.960271919127045	72.5850934024144
34	63.6457230356695	0.636457230356695	14.826014583859621	296.5202916771924	46.99111425521784	46.99111425521784	72.40290366111503
35	65.4476755033738	0.654476755033738	14.778204860758407	295.56409721516815	46.91529740656322	46.91529740656322	72.14073152009823
36	67.97685408993433	0.6797685408993434	14.749261445370166	294.9852289074033	46.89945059581562	46.89945059581562	71.93532435387198
37	68.92093613016404	0.6892093613016403	14.733151475999872	294.66302951999745	46.99025924672266	46.99025924672266	71.82953251429865
38	71.05588518970319	0.7105588518970319	14.674700734603979	293.4940146920796	47.09191337029582	47.09191337029582	71.51238549416102
39	73.59512417135657	0.7359512417135657	14.654400560361916	293.0880112072383	47.12487161475194	47.12487161475194	71.32530566747072
40	73.25139582609125	0.7325139582609126	14.617657526174035	292.35315052348074	47.142280333930835	47.142280333930835	71.1546057676346
41	73.00783214166367	0.7300783214166368	14.605776602400942	292.11553204801885	47.095923531460926	47.095923531460926	71.09729662989174
42	72.92680706624587	0.7292680706624587	14.591143120826134	291.8228624165227	47.08362759871447	47.08362759871447	71.0333590905402
43	71.51531947383238	0.7151531947383238	10.99529111015149	219.9058222030298	47.01828730935601	47.01828730935601	56.64280245132846
44	70.96098405210618	0.7096098405210619	10.849241307280375	216.98482614560749	47.021024557388806	47.021024557388806	56.127569820831795
45	70.68705633202997	0.7068705633202997	10.67278715490821	213.4557430981642	46.99393821922173	46.99393821922173	55.450341089598126
46	70.62544893673514	0.7062544893673514	14.661335101647317	293.2267020329464	46.990590798359094	46.990590798359094	71.38414107460896
47	70.64436792293156	0.7064436792293156	14.643013723693628	292.86027447387255	46.992043202353905	46.992043202353905	71.30764873740952
48	70.65712164107792	0.7065712164107792	14.541562036796183	290.83124073592364	46.9883153829909	46.9883153829909	70.88928552991757
49	70.6650115861424	0.706650115861424	14.548178585846307	290.96357171692614	46.982798453340386	46.982798453340386	70.91353062658341
50	70.6662974309686	0.7066629743096859	14.54696545273317	290.9393090546634	46.987759859591364	46.987759859591364	70.91033105092978
51	70.66983428313301	0.7066983428313302	14.551679366164631	291.03358732329264	46.99395870526657	46.99395870526657	70.930356733602
52	70.67218457784203	0.7067218457784203	10.631293939804813	212.62587879609626	46.99312957135591	46.99312957135591	55.2851846521408
53	70.63337156319578	0.7063337156319578	10.64926386747158	212.9852773494316	46.98687290077189	46.98687290077189	55.3527706212096
54	70.50220814431434	0.7050220814431434	10.622366607165514	212.4473321433103	46.994620267108985	46.994620267108985	55.26339675063129
55	70.28599953636117	0.7028599953636118	10.769148895416304	215.3829779083261	46.95053947485316	46.95053947485316	55.8244957364206
56	69.57845091297914	0.6957845091297914	14.676654658928767	293.5330931785753	46.97914321107587	46.97914321107587	71.47561902953828
57	69.55848969489591	0.6955848969489591	14.686843957878724	293.7368791575745	46.9484011026951	46.9484011026951	71.51116477100338
58	69.59592069941215	0.6959592069941215	14.661535370862024	293.23070741724047	46.9500425750761	46.9500425750761	71.40625673886099
59	69.60856629556429	0.6960856629556429	10.623670263470615	212.4734052694123	46.961500387165316	46.961500387165316	55.291140210414135
60	69.64614969175938	0.6964614969175937	10.654918788046858	213.09837576093716	46.959996037625835	46.959996037625835	55.40866531087878
61	69.66154165039666	0.6966154165039666	10.643225822423958	212.86451644847915	46.954985900746486	46.954985900746486	55.3604688341993
62	69.64958097997055	0.6964958097997055	10.620570683834659	212.41141367669317	46.960730921894694	46.960730921894694	55.27578463398438
63	69.64774939822706	0.6964774939822707	10.614822286174757	212.29644572349514	46.9668455749249	46.9668455749249	55.25496861943285
64	69.65996948476543	0.6965996948476543	10.620120896947887	212.40241793895774	46.95720705026943	46.95720705026943	55.27110791687346
65	71.16823988677014	0.7116823988677013	11.679342411490316	233.58684822980632	47.11963766840348	47.11963766840348	59.3863627308251
66	71.68454701206049	0.716845470120605	14.64642895979043	292.9285791958086	47.04452937513752	47.04452937513752	71.28444993878493
67	71.74617979883618	0.7174617979883618	14.584226878023168	291.68453756046335	47.03390802896512	47.03390802896512	71.02158383531192
68	71.78263997287976	0.7178263997287977	14.623390684164049	292.46781368328095	47.03795003645091	47.03795003645091	71.18135937896514
69	71.72842279418218	0.7172842279418218	10.813211601414409	216.26423202828818	47.04255488135548	47.04255488135548	55.9353281655884
70	71.69835779532032	0.7169835779532032	10.682807310839056	213.6561462167811	47.04744947295314	47.04744947295314	55.43744416767594
71	71.64723991151068	0.7164723991151069	14.546456505615105	290.9291301123021	47.03219046113379	47.03219046113379	70.86940871115193
72	71.6205600366449	0.7162056003664491	14.539069761948847	290.7813952389769	47.04355304996302	47.04355304996302	70.84286054946978
73	71.62043257142922	0.7162043257142922	10.688609971804427	213.77219943608853	47.048220959709134	47.048220959709134	55.46334372325141
74	71.53849203540668	0.7153849203540668	14.522730356612621	290.4546071322524	47.03639148239936	47.03639148239936	70.77775917887945
75	71.49223304461196	0.7149223304461196	14.55215026212942	291.0430052425884	47.03604537202982	47.03604537202982	70.89922876357467
76	71.49564399941686	0.7149564399941686	14.544819900464388	290.89639800928774	47.02462284714967	47.02462284714967	70.86572858912037
77	71.49685269290981	0.7149685269290982	10.616780797654403	212.33561595308805	47.03459112593802	47.03459112593802	55.187326529377785
78	71.49728734544432	0.7149728734544433	14.642581903522355	292.8516380704471	47.044446971606	47.044446971606	71.27325070027482
79	71.50762887463712	0.7150762887463712	14.536977305116666	290.73954610233335	47.04322725133357	47.04322725133357	70.83899008137567
80	71.51260405801004	0.7151260405801004	14.582342147869602	291.64684295739204	47.03790055852978	47.03790055852978	71.0224979516329
81	71.51748189392829	0.7151748189392829	10.634601157687655	212.6920231537531	47.04635112116992	47.04635112116992	55.25929997640651
82	71.5119688409025	0.715119688409025	10.615445520649073	212.30891041298148	47.025285392105346	47.025285392105346	55.17680527624881
83	71.51502596215397	0.7151502596215397	14.633029778625797	292.66059557251594	47.023889077687755	47.023889077687755	71.22650350524073
84	71.51256612701901	0.7151256612701902	14.538832136216502	290.77664272433003	47.03372776753981	47.03372776753981	70.84292805815524
85	71.51028760086194	0.7151028760086194	14.54268863704183	290.8537727408366	47.03190681242579	47.03190681242579	70.8584327268286
86	71.51592730194521	0.7151592730194521	14.544865754593129	290.8973150918626	47.043213463547026	47.043213463547026	70.87040399990013
87	71.51360123808226	0.7151360123808226	14.538868034255332	290.77736068510666	47.03786773495441	47.03786773495441	70.84446283239944
88	71.50977243897275	0.7150977243897275	14.541179404003277	290.8235880800655	47.04011715723019	47.04011715723019	70.85404595546173
89	71.51282076181073	0.7151282076181074	14.549240793970105	290.9848158794021	47.03319720270835	47.03319720270835	70.88479008215357
90	71.5075191225607	0.7150751912256069	10.669439276727738	213.38878553455476	47.02185675848422	47.02185675848422	55.38415930042419
91	71.49387426086265	0.7149387426086266	14.546664045889962	290.93328091779927	47.033695001574365	47.033695001574365	70.87557369715698
92	71.49135832102645	0.7149135832102645	14.54503752695055	290.90075053901097	47.037557152018	47.037557152018	70.8695770460003
93	71.49519323585484	0.7149519323585485	14.54063735657447	290.8127471314894	47.032870477220335	47.032870477220335	70.85056333462869
94	71.49535622818716	0.7149535622818717	14.543472769992455	290.86945539984913	47.02822648794254	47.02822648794254	70.86097923100581
95	71.49565104836864	0.7149565104836865	14.563718875627778	291.2743775125556	47.035240457022	47.035240457022	70.94527341525723
96	71.48954656132385	0.7148954656132385	14.578525760583142	291.57051521166284	47.03646985767711	47.03646985767711	71.00777348398015
97	71.48686336822942	0.7148686336822943	11.36313538536287	227.2627077072574	47.0268090472097	47.0268090472097	58.08008359764842
98	71.47684357987077	0.7147684357987077	10.636700627949843	212.73401255899685	47.03049866510206	47.03049866510206	55.26255667180793
99	71.48371316166782	0.7148371316166783	14.570588460385432	291.41176920770863	47.03660033940192	47.03660033940192	70.97519321281526
100	71.47855492417838	0.7147855492417838	14.654872445739104	293.0974489147821	47.02947530012937	47.02947530012937	71.3191468860347
101	71.47763279515483	0.7147763279515483	14.545811103831918	290.91622207663835	47.0335577900593	47.0335577900593	70.87284981090288
102	71.47438525721937	0.7147438525721936	14.528097555030012	290.56195110060025	47.03400532113148	47.03400532113148	70.80021004236599
103	71.47766616320749	0.7147766616320749	14.521676476382591	290.43352952765184	47.027554667043944	47.027554667043944	70.77095257473202
104	71.47802796582747	0.7147802796582746	14.547597586208061	290.95195172416123	47.04373607745757	47.04373607745757	70.88385899741412
105	71.47812385481676	0.7147812385481676	10.608068397865761	212.16136795731524	47.03487062980498	47.03487062980498	55.15433457308928
106	71.47649567008403	0.7147649567008404	10.812895684605023	216.25791369210046	47.03119252535395	47.03119252535395	55.9430911549163
107	71.47628201696662	0.7147628201696662	10.63339474004479	212.66789480089582	47.03321523582545	47.03321523582545	55.25171043048456
108	71.46940328821024	0.7146940328821024	14.55134937066861	291.02698741337224	47.04386643561452	47.04386643561452	70.89813935682677
109	71.47488753883809	0.7147488753883809	14.639286689010413	292.78573378020826	47.031019136561376	47.031019136561376	71.25592177311604
110	71.47623779204415	0.7147623779204415	11.531632626298943	230.63265252597887	47.02627240407859	47.02627240407859	58.74118928860827
111	71.49311172132089	0.7149311172132089	14.544967841458496	290.8993568291699	47.03124420031851	47.03124420031851	70.86780148712059
112	71.50007573026198	0.7150007573026198	10.64435271104908	212.8870542209816	47.03918058354478	47.03918058354478	55.29510815598656
113	71.49469962043499	0.7149469962043499	14.520051439511345	290.4010287902269	47.039122059507136	47.039122059507136	70.76826250148174
114	71.49493598595399	0.7149493598595399	14.565646117333728	291.31292234667455	47.031526671381	47.031526671381	70.95218833599193
115	71.49568330981047	0.7149568330981048	14.527220605515428	290.54441211030854	47.03406144522961	47.03406144522961	70.79556252067576
116	71.49936638190195	0.7149936638190195	10.617022611126794	212.34045222253587	47.02784171514681	47.02784171514681	55.184708795887026
117	71.49471124992407	0.7149471124992407	14.543795774604439	290.8759154920888	47.036525749660726	47.036525749660726	70.86421589593128
118	71.49433486734816	0.7149433486734816	10.659235972469403	213.18471944938807	47.039018203418664	47.039018203418664	55.35181828161933
119	71.49478965573603	0.7149478965573602	10.637928570442819	212.75857140885637	47.02424916117796	47.02424916117796	55.26394290236072
120	71.49486627054313	0.7149486627054313	14.543422241792356	290.86844483584713	47.02952724639792	47.02952724639792	70.86031273764837
121	71.4963655600073	0.714963655600073	14.532589615689616	290.6517923137923	47.01968715716294	47.01968715716294	70.8130198751931
122	71.49867094741585	0.7149867094741584	14.55119509159438	291.0239018318876	47.03439418139431	47.03439418139431	70.89410484922668
123	71.49408089623482	0.7149408089623482	14.659891623067677	293.1978324613535	47.02717604660096	47.02717604660096	71.33759018491729
124	71.50062193457848	0.7150062193457848	10.61299704528791	212.2599409057582	47.03716213427268	47.03716213427268	55.17317497703374
125	71.49740583836807	0.7149740583836807	14.538684436291133	290.77368872582264	47.0404038414704	47.0404038414704	70.84469739587486
126	71.49371498799873	0.7149371498799874	14.523897155340928	290.47794310681854	47.036037886853975	47.036037886853975	70.78218986037636
127	71.49656633254322	0.7149656633254322	10.623159980469365	212.46319960938732	47.03786763055358	47.03786763055358	55.21275465492609
128	71.49750342851965	0.7149750342851965	14.541461502855617	290.82923005711234	47.02677299893058	47.02677299893058	70.85143722120465
129	71.49904445464638	0.7149904445464638	10.749863254947668	214.99726509895336	47.028808619464705	47.028808619464705	55.69684616827915
130	71.49568145492712	0.7149568145492713	14.573078344177583	291.46156688355165	47.03214711369541	47.03214711369541	70.98322419606761
131	71.4925289415982	0.714925289415982	14.633140599846719	292.66281199693435	47.03464788768175	47.03464788768175	71.23066313481215
132	71.49549899623582	0.7149549899623583	14.655616617756515	293.1123323551303	47.04485333973476	47.04485333973476	71.3264194337874
133	71.49519462123376	0.7149519462123377	14.526640022096668	290.5328004419334	47.03460512081693	47.03460512081693	70.79350622444186
134	71.49807050369273	0.7149807050369273	14.53986622845614	290.7973245691228	47.032964492158214	47.032964492158214	70.84693037995237
135	71.49370026882805	0.7149370026882805	10.669660457096708	213.39320914193416	47.04295737959043	47.04295737959043	55.39355418727409
136	71.49333880427376	0.7149333880427376	14.543385487251275	290.8677097450255	47.033313504269174	47.033313504269174	70.86137461229484
137	71.4926662466277	0.7149266624662771	14.537975803861125	290.7595160772225	47.03543364579002	47.03543364579002	70.8402628308203
138	71.49747227835174	0.7149747227835174	14.538607960833291	290.77215921666584	47.03290154716578	47.03290154716578	70.84229080625627
139	71.49461530302523	0.7149461530302523	10.611638502774865	212.2327700554973	47.03232826852388	47.03232826852388	55.16616147784714
140	71.49528736757343	0.7149528736757342	14.52084081287823	290.4168162575646	47.031712521157374	47.031712521157374	70.76846157494937
141	71.50083992416191	0.7150083992416191	14.54522533854397	290.9045067708794	47.032597591266864	47.032597591266864	70.8689594436427
142	71.4940319463199	0.7149403194631989	14.544584911363376	290.8916982272675	47.04216970007959	47.04216970007959	70.86930498714554
143	71.4986132205265	0.714986132205265	14.59787178665614	291.9574357331228	47.04250541120492	47.04250541120492	71.08877331619253
144	71.49334142491224	0.7149334142491225	14.540215557365102	290.80431114730203	47.03659725943435	47.03659725943435	70.84993035243038
145	71.50807515185448	0.7150807515185449	11.454074256752001	229.08148513504003	47.03010535389657	47.03010535389657	58.43683463641674
146	71.5187610644638	0.7151876106446381	14.542724822398975	290.8544964479795	47.02292286228487	47.02292286228487	70.85438991515163
147	71.51931616506535	0.7151931616506535	14.54831284011341	290.96625680226816	47.02876178828867	47.02876178828867	70.87952379807722
148	71.52070134305457	0.7152070134305457	14.52722820413092	290.54456408261836	47.035282886855214	47.035282886855214	70.79527214630636
149	71.51677893123188	0.7151677893123188	10.60994447294247	212.1988894588494	47.04397015349312	47.04397015349312	55.16288535578452
150	71.51551212226704	0.7151551212226704	14.52435267086711	290.48705341734217	47.04166495434126	47.04166495434126	70.78529296311024
151	71.52200456241847	0.7152200456241847	14.58428056506477	291.6856113012954	47.03018770864094	47.03018770864094	71.02775992208491
152	71.51496366565301	0.7151496366565302	10.701766403345093	214.03532806690185	47.02900091937196	47.02900091937196	55.50939269217705
153	71.52443881377332	0.7152443881377332	14.538615682186725	290.7723136437345	47.02890339669616	47.02890339669616	70.83927301860949
154	71.51755304109184	0.7151755304109184	10.607475265371564	212.14950530743127	47.04301567698941	47.04301567698941	55.152704507046224
155	71.51456043300396	0.7151456043300397	14.542838463112407	290.8567692622481	47.03856004319084	47.03856004319084	70.86041070867512
156	71.51872878475966	0.7151872878475966	14.530486594873919	290.60973189747835	47.03766033863695	47.03766033863695	70.80951340775015
157	71.52231680029462	0.7152231680029462	14.557186360072471	291.14372720144945	47.03134076387522	47.03134076387522	70.91658321774453
158	71.52125229633792	0.7152125229633792	14.546283542193647	290.9256708438729	47.03214689944137	47.03214689944137	70.87192362487002
159	71.52024170287712	0.7152024170287712	14.657584314841628	293.15168629683257	47.03253664531563	47.03253664531563	71.3293277105511
160	71.51928825448809	0.7151928825448809	10.624742015909039	212.49484031818076	47.04181683736255	47.04181683736255	55.21909724016889
161	71.51798358127839	0.7151798358127839	14.528993997261523	290.57987994523046	47.036359489979	47.036359489979	70.80268757871784
162	71.51861226114939	0.7151861226114938	14.541504744966158	290.83009489932317	47.041008570233025	47.041008570233025	70.85587976231581
163	71.51933821914312	0.7151933821914312	10.638757013260225	212.7751402652045	47.03755167299939	47.03755167299939	55.271075694603965
164	71.52056986345488	0.7152056986345489	10.627484256256219	212.54968512512437	47.03202562093415	47.03202562093415	55.22508593009023
165	71.52054813839625	0.7152054813839626	10.605029320003569	212.10058640007136	47.02656044703178	47.02656044703178	55.13695728610093
166	71.52161043794482	0.7152161043794482	14.5733249767339	291.466499534678	47.032731865811876	47.032731865811876	70.98387082243046
167	71.51509882575087	0.7151509882575087	14.552152642073859	291.04305284147716	47.03220729710844	47.03220729710844	70.89594027772837
168	71.52039047841443	0.7152039047841443	10.753534218246902	215.07068436493802	47.034891589051604	47.034891589051604	55.71216618698203
169	71.51573351969189	0.7151573351969189	14.547879592726606	290.9575918545321	47.03253710331963	47.03253710331963	70.87946935048139
170	71.51775885158364	0.7151775885158363	14.559736628187853	291.19473256375704	47.033745139027744	47.033745139027744	70.92816011329607
171	71.51771760897408	0.7151771760897409	14.542345935486324	290.8469187097265	47.04356131412868	47.04356131412868	70.8594009837721
172	71.5179469564336	0.7151794695643361	10.765461391054526	215.30922782109053	47.044558709568314	47.044558709568314	55.76260088758017
173	71.51637459316291	0.7151637459316291	14.522384852481844	290.4476970496369	47.03067471033928	47.03067471033928	70.77396676105576
174	71.51800362224627	0.7151800362224627	14.542254547649874	290.84509095299745	47.04219760770526	47.04219760770526	70.85928969888919
175	71.51543720799175	0.7151543720799175	10.64272117769705	212.854423553941	47.03426227310981	47.03426227310981	55.285225785755614
176	71.51721327699187	0.7151721327699186	14.539643931871817	290.79287863743633	47.03872784864876	47.03872784864876	70.84729588603388
177	71.52113518925384	0.7152113518925384	14.544039185019022	290.88078370038045	47.03476216163789	47.03476216163789	70.86355374771708
178	71.51530582306287	0.7151530582306288	14.601677476387511	292.0335495277502	47.040479594255416	47.040479594255416	71.10307919385397
179	71.51378142921118	0.7151378142921118	14.544329815927068	290.88659631854136	47.039069275894335	47.039069275894335	70.86618867564977
180	71.52301172940054	0.7152301172940054	14.540837150697774	290.8167430139555	47.039784864215854	47.039784864215854	70.85241374093135
181	71.51744175267586	0.7151744175267587	14.65738884480027	293.1477768960054	47.03281760784959	47.03281760784959	71.32840543237593
182	71.51738354051736	0.7151738354051735	10.79589394094292	215.91787881885838	47.03960597252286	47.03960597252286	55.87819594373803
183	71.51956296456893	0.7151956296456894	14.646735349260904	292.9347069852181	47.03726145886924	47.03726145886924	71.28635493495341
184	71.51957779799663	0.7151957779799664	10.634031371698528	212.68062743397056	47.02845328178313	47.02845328178313	55.248901647848434
185	71.52133496185927	0.7152133496185927	14.54519806763663	290.9039613527326	47.028032857016896	47.028032857016896	70.8665307475265
186	71.5172191709705	0.715172191709705	14.538110013860333	290.76220027720666	47.03525628533292	47.03525628533292	70.84001030222173
187	71.51649527695662	0.7151649527695662	14.65250531924183	293.0501063848366	47.04023378904566	47.04023378904566	71.31109105181704
188	71.52197824377163	0.7152197824377163	14.546474503962056	290.92949007924113	47.03243044310371	47.03243044310371	70.87340637869346
189	71.51420068927224	0.7151420068927224	14.644791553915853	292.8958310783171	47.02966171494172	47.02966171494172	71.27615752219307
190	71.52068506181968	0.7152068506181968	14.54556694826281	290.91133896525616	47.04298709344843	47.04298709344843	70.87254885793524
191	71.51635953871748	0.7151635953871748	14.54808963326566	290.96179266531317	47.02649332673951	47.02649332673951	70.87791215249378
192	71.51655761790413	0.7151655761790413	14.62510867657792	292.5021735315584	47.04261020108153	47.04261020108153	71.19934997764355
193	71.52118136663982	0.7152118136663982	14.538614129327108	290.77228258654213	47.0280556894464	47.0280556894464	70.83947879620568
194	71.52450041631364	0.7152450041631364	14.544877587857885	290.8975517571577	47.02463953023657	47.02463953023657	70.86396591372957
195	71.51580878944891	0.7151580878944891	10.64720604513185	212.94412090263702	47.038541272414676	47.038541272414676	55.30388579850696
196	71.51445515028195	0.7151445515028195	14.552309759729622	291.0461951945924	47.04066219708508	47.04066219708508	70.90017276173694
197	71.51865627804675	0.7151865627804675	10.611207912408819	212.22415824817637	47.04638729969311	47.04638729969311	55.16875824792825
198	71.52475825487824	0.7152475825487824	10.633660500207714	212.67321000415427	47.03763067340918	47.03763067340918	55.25133776937386
199	71.5162744786535	0.715162744786535	10.62093885391393	212.4187770782786	47.03830261445818	47.03830261445818	55.20276707833712
200	71.52181441043344	0.7152181441043344	14.540077768176467	290.80155536352936	47.039755827256435	47.039755827256435	70.8493536141047
201	71.51616708439616	0.7151616708439616	10.649786993824685	212.9957398764937	47.03703079354082	47.03703079354082	55.31340733283284
202	71.52012457919389	0.7152012457919389	10.614651993638928	212.29303987277856	47.0392931892273	47.0392931892273	55.17856135505645
203	71.5205882613099	0.715205882613099	14.65327999737028	293.0655999474056	47.03762637283261	47.03762637283261	71.31324171017633
204	71.52130058713854	0.7152130058713854	10.630905996170055	212.6181199234011	47.03872796476588	47.03872796476588	55.24176716011788
205	71.51765908944988	0.7151765908944988	10.616069056096094	212.3213811219219	47.032443933508375	47.032443933508375	55.18246243970631
206	71.51919199697411	0.7151919199697412	10.67656654369465	213.53133087389298	47.02817821926304	47.02817821926304	55.41310791216429
207	71.5186112553343	0.7151861125533431	14.541194803497193	290.8238960699439	47.04061202074744	47.04061202074744	70.85416290627569
208	71.51748936875026	0.7151748936875026	14.59990280318065	291.998056063613	47.03679342845731	47.03679342845731	71.09403375779819
209	71.52108348456102	0.7152108348456102	14.58009959150107	291.6019918300214	47.02715831628952	47.02715831628952	71.00950965723979
210	71.51906037988196	0.7151906037988196	14.538115117742038	290.76230235484076	47.038014423717044	47.038014423717044	70.84078622952465
211	71.51767673182451	0.7151767673182451	14.52110276707746	290.4220553415492	47.02790483282852	47.02790483282852	70.76792463821928
212	71.52224500064054	0.7152224500064054	14.555289752563432	291.1057950512686	47.03182077782974	47.03182077782974	70.90866224801543
213	71.51905607195894	0.7151905607195894	14.541919599307429	290.83839198614857	47.03573764487404	47.03573764487404	70.85578147778125
214	71.51683059767154	0.7151683059767154	14.544212735620437	290.88425471240873	47.02839757345175	47.02839757345175	70.86242404051177
215	71.51866825361292	0.7151866825361292	14.647309966374314	292.9461993274863	47.03213332618766	47.03213332618766	71.2873046212185
216	71.51965522715368	0.7151965522715368	14.578004712921297	291.5600942584259	47.02848526490865	47.02848526490865	71.00147113480512
217	71.51570663687963	0.7151570663687963	14.573584695614167	291.47169391228334	47.02986560027328	47.02986560027328	70.98358006456262
218	71.51999188598755	0.7151999188598755	10.612688581222558	212.25377162445116	47.02357156680448	47.02357156680448	55.16534433274878
219	71.51849786754944	0.7151849786754945	14.643925781496222	292.87851562992444	47.03840822566049	47.03840822566049	71.2754798486954
220	71.51742675587234	0.7151742675587234	14.640643778717354	292.8128755743471	47.04140049725458	47.04140049725458	71.26232308467242
221	71.5201800617553	0.715201800617553	14.52238888105143	290.4477776210286	47.030505938072054	47.030505938072054	70.77307528731511
222	71.52069317128033	0.7152069317128033	14.543194097980987	290.86388195961973	47.03203927653493	47.03203927653493	70.85941069246117
223	71.51735588370336	0.7151735588370336	14.654707724274102	293.094154485482	47.04256222014591	47.04256222014591	71.32048557199103
224	71.52421009095508	0.7152421009095508	10.708595268722503	214.17190537445006	47.02003183996161	47.02003183996161	55.53257645324387
225	71.51269164081475	0.7151269164081475	10.935932413746926	218.71864827493852	47.032464116554266	47.032464116554266	56.41762630609134
226	71.51319669322396	0.7151319669322396	14.630774898619396	292.6154979723879	47.044802515198434	47.044802515198434	71.22324228299226
227	71.51659204504	0.7151659204504001	14.537766889828742	290.75533779657485	47.02914891306237	47.02914891306237	70.83697617321577
228	71.50731558595956	0.7150731558595956	14.5411870005287	290.823740010574	47.04226017279914	47.04226017279914	70.85509869040416
229	71.51597371551611	0.7151597371551611	14.558457834147418	291.16915668294837	47.0414789780536	47.0414789780536	70.92539395344743
230	71.51335342693126	0.7151335342693126	14.629859267387934	292.5971853477587	47.027914388990546	47.027914388990546	71.21424670226388
231	71.51343521344145	0.7151343521344146	14.524826354365302	290.49652708730605	47.04101665049113	47.04101665049113	70.78700353771013
232	71.51343319927346	0.7151343319927347	14.648964857525334	292.9792971505067	47.03820163339729	47.03820163339729	71.29562053025809
233	71.51734622980486	0.7151734622980486	10.76746735746755	215.34934714935102	47.033884656838154	47.033884656838154	55.76615271822412
234	71.50919407824186	0.7150919407824187	14.524016359833231	290.48032719666463	47.03473619501719	47.03473619501719	70.78182962595054
235	71.5123169019545	0.7151231690195451	10.681315682313507	213.62631364627015	47.02819208778923	47.02819208778923	55.431463309279046
236	71.51055056582005	0.7151055056582005	10.631028723992806	212.62057447985612	47.02890483161418	47.02890483161418	55.23815536604962
237	71.51158495469721	0.7151158495469722	14.526033980879394	290.52067961758786	47.025396276704804	47.025396276704804	70.7869838857426
238	71.50924878918764	0.7150924878918764	14.531465727001708	290.62931454003416	47.03961503938891	47.03961503938891	70.81430974345236
239	71.51114558312142	0.7151114558312142	14.522833195894101	290.456663917882	47.02318595852272	47.02318595852272	70.77366114627046
240	71.51265252975314	0.7151265252975314	14.54865385612155	290.973077122431	47.035385975132776	47.035385975132776	70.88274996466225
241	71.5130158733018	0.715130158733018	10.626940388886245	212.5388077777249	47.0445121610492	47.0445121610492	55.22917498712157
242	71.50843721346241	0.7150843721346242	14.543996569466017	290.87993138932035	47.035726815411074	47.035726815411074	70.86450373537716
243	71.51395669573168	0.7151395669573168	14.550045491307458	291.00090982614915	47.037613291317314	47.037613291317314	70.8897069675276
244	71.5121001649115	0.7151210016491151	14.546193898501183	290.9238779700237	47.02810322884996	47.02810322884996	70.87083781796647
245	71.50811720713664	0.7150811720713663	14.55705940364186	291.1411880728372	47.044375642574956	47.044375642574956	70.9205456488905
246	71.51074445451513	0.7151074445451514	14.619350328613994	292.38700657227986	47.04275484071292	47.04275484071292	71.17593677992491
247	71.51300939483806	0.7151300939483807	14.57779116043136	291.5558232086272	47.04049881294879	47.04049881294879	71.00419280121653
248	71.51394522561455	0.7151394522561455	14.520181571859823	290.40363143719645	47.03914571367297	47.03914571367297	70.76768208237499
249	71.51532508965893	0.7151532508965893	10.602198452393793	212.04396904787586	47.03446131312247	47.03446131312247	55.130259180031835
250	71.51419194804208	0.7151419194804208	10.638163140047471	212.7632628009494	47.037571962164556	47.037571962164556	55.269528997244116
251	71.50979250664183	0.7150979250664183	10.66490655622334	213.2981311244668	47.03074138151956	47.03074138151956	55.36963904393433
252	71.51473357536503	0.7151473357536503	14.617163668083071	292.34327336166143	47.02938948667146	47.02938948667146	71.16237902743117
253	71.516540380209	0.7151654038020899	14.791383665517534	295.8276733103507	47.0312973827201	47.0312973827201	71.87952995862884
254	71.52580741645343	0.7152580741645344	14.530396700098363	290.60793400196724	47.03361033652266	47.03361033652266	70.80689275974284
255	71.52427543375688	0.7152427543375689	14.533496859021032	290.6699371804206	47.039371268763475	47.039371268763475	70.82182427536095
256	71.52650578971488	0.7152650578971488	14.538769355682778	290.77538711365554	47.035299959980925	47.035299959980925	70.84242361378227
257	71.52475781919688	0.7152475781919688	10.64167610534604	212.83352210692078	47.036582687653855	47.036582687653855	55.28103691842325
258	71.52650777865244	0.7152650777865245	14.533927016174019	290.6785403234804	47.02980056081537	47.02980056081537	70.82037213007152
259	71.53026004136984	0.7153026004136984	14.524513410309412	290.49026820618826	47.02674448926888	47.02674448926888	70.7806723273415
260	71.52724474680957	0.7152724474680957	14.52824856482514	290.5649712965028	47.03499290749851	47.03499290749851	70.79866070908352
261	71.52482069952886	0.7152482069952886	14.538018111740001	290.7603622348	47.03884496396568	47.03884496396568	70.83954078294626
262	71.520610956886	0.71520610956886	10.648112318610615	212.9622463722123	47.03452010412412	47.03452010412412	55.30497289022651
263	71.52853734146531	0.7152853734146531	14.538636475924369	290.7727295184874	47.04254726356684	47.04254726356684	70.84364933356203
264	71.52937038307401	0.7152937038307401	10.626613272745832	212.53226545491663	47.03674182820996	47.03674182820996	55.223921189999025
265	71.52613023739245	0.7152613023739245	14.547619043470034	290.95238086940066	47.0400042556435	47.0400042556435	70.88016046363529
266	71.52542908770609	0.7152542908770608	14.522262317122552	290.445246342451	47.04401841608976	47.04401841608976	70.77714542774916
267	71.52362179423311	0.715236217942331	10.639654538319208	212.79309076638415	47.03063449204066	47.03063449204066	55.27168067045966
268	71.52126207681258	0.7152126207681258	14.539149894327144	290.7829978865429	47.043024124176895	47.043024124176895	70.84622980592692
269	71.53115451800981	0.7153115451800981	10.705918829518485	214.11837659036968	47.03399576560807	47.03399576560807	55.527773974725534
270	71.5291514851923	0.715291514851923	10.789790812281957	215.79581624563914	47.03470470656294	47.03470470656294	55.85225859986338
271	71.52329374335207	0.7152329374335207	14.545615242316638	290.91230484633275	47.03979834364291	47.03979834364291	70.87165857026366
272	71.52649976557606	0.7152649976557607	14.519684920924345	290.3936984184869	47.037298348002246	47.037298348002246	70.76496436462773
273	71.52258607655439	0.715225860765544	14.543929503365177	290.87859006730355	47.04074084567807	47.04074084567807	70.8656945006603
274	71.51976050197865	0.7151976050197866	14.646537058596449	292.93074117192896	47.03127005126479	47.03127005126479	71.28324677572243
275	71.5277591945369	0.715277591945369	10.775127518983364	215.5025503796673	47.02773044073386	47.02773044073386	55.7927385667309
276	71.52029517744992	0.7152029517744992	10.640645082174052	212.81290164348104	47.04505356081547	47.04505356081547	55.281807505960636
277	71.52269936044645	0.7152269936044645	14.519968314285373	290.39936628570746	47.02305364629907	47.02305364629907	70.76169100835841
278	71.51837139001978	0.7151837139001979	10.642632269493447	212.85264538986894	47.03914817040051	47.03914817040051	55.28686082111896
279	71.52179319949848	0.7152179319949847	14.54669768439372	290.9339536878744	47.040299696668235	47.040299696668235	70.87672266329362
280	71.52931738972224	0.7152931738972224	14.530405933560944	290.6081186712189	47.02663146454118	47.02663146454118	70.8052778144047
281	71.52779915859952	0.7152779915859953	14.549046542223122	290.9809308444624	47.028699239738266	47.028699239738266	70.88242820182987
282	71.5312043474272	0.715312043474272	14.545726573145778	290.91453146291553	47.037522811445065	47.037522811445065	70.87102926890253
283	71.52610058947518	0.7152610058947518	14.622598907960908	292.4519781592182	47.039113450598414	47.039113450598414	71.18721754229308
284	71.52870504830987	0.7152870504830987	10.613200170587607	212.26400341175213	47.02692641157396	47.02692641157396	55.167858634643856
285	71.52620063756164	0.7152620063756164	14.546702697372831	290.9340539474566	47.03273552049655	47.03273552049655	70.87402755519855
286	71.52509028791498	0.7152509028791498	14.762919338804275	295.2583867760855	47.03192704058394	47.03192704058394	71.76190901282305
287	71.53820375429274	0.7153820375429274	14.524867230763082	290.4973446152616	47.0261298677982	47.0261298677982	70.78173380288993
288	71.53480170315945	0.7153480170315945	14.534623458794629	290.6924691758926	47.03368456113268	47.03368456113268	70.82395794228327
289	71.53521218771124	0.7153521218771124	14.564576297141299	291.29152594282596	47.03740853323947	47.03740853323947	70.94846428739032
290	71.53556103791136	0.7153556103791137	14.586535603101476	291.7307120620295	47.03597093377006	47.03597093377006	71.03793362561841
291	71.53838135649038	0.7153838135649038	14.649723230517719	292.9944646103544	47.042168328517455	47.042168328517455	71.29950240012094
292	71.53852988570377	0.7153852988570377	14.623028328219808	292.4605665643962	47.035977674151425	47.035977674151425	71.18745765260728
293	71.5368479542437	0.715368479542437	14.525492146323723	290.50984292647445	47.043186922605145	47.043186922605145	70.7896812147693
294	71.53488494725741	0.7153488494725742	14.555366484494396	291.10732968988793	47.03432901155652	47.03432901155652	70.90933133543466
295	71.53250836123786	0.7153250836123786	14.530600840050315	290.6120168010063	47.0468709724236	47.0468709724236	70.81177062335682
296	71.53830571481139	0.7153830571481139	10.660767617425863	213.21535234851726	47.038455492409035	47.038455492409035	55.355766331060735
297	71.54293003774511	0.7154293003774511	14.552004945625175	291.0400989125035	47.03391336813635	47.03391336813635	70.89606014887931
298	71.5392772449162	0.7153927724491621	14.53846193994902	290.7692387989804	47.03019503332458	47.03019503332458	70.83891322224342
299	71.54092009672955	0.7154092009672955	14.523026176611666	290.4605235322333	47.026996839738445	47.026996839738445	70.77403380216954
300	71.53557754268661	0.7153557754268661	10.675457697209598	213.50915394419195	47.028116196598155	47.028116196598155	55.40777129530308
301	71.54060791211211	0.7154060791211211	14.536916912113341	290.7383382422668	47.031367537241366	47.031367537241366	70.83284079806349
302	71.53399815745291	0.7153399815745292	10.716735398091345	214.3347079618269	47.0370835450193	47.0370835450193	55.57004488148236
303	71.53873683327836	0.7153873683327836	14.544417737351495	290.8883547470299	47.02774350519141	47.02774350519141	70.8628243990777
304	71.53534640801253	0.7153534640801253	14.542522928478384	290.85045856956765	47.03958670628011	47.03958670628011	70.85918298589527
305	71.53572335220801	0.7153572335220801	14.535955202555902	290.71910405111805	47.028147412474304	47.028147412474304	70.82785746056946
306	71.53208907439073	0.7153208907439073	10.645060186254012	212.90120372508025	47.038550115673765	47.038550115673765	55.2950329058913
307	71.53212768356252	0.7153212768356252	14.526621722308196	290.5324344461639	47.03840482922922	47.03840482922922	70.79303297241738
308	71.53586311209388	0.7153586311209388	14.644774675053386	292.89549350106773	47.033413597383735	47.033413597383735	71.27686734688615
309	71.53273299623156	0.7153273299623156	14.547810016205197	290.956200324104	47.041478096307635	47.041478096307635	70.88081688897097
310	71.5332672155857	0.7153326721558569	14.545104454479258	290.90208908958516	47.03850015532987	47.03850015532987	70.86955015926598
311	71.5389823602065	0.715389823602065	14.543448689299872	290.86897378599747	47.031834258663274	47.031834258663274	70.85896336943057
312	71.53799142340338	0.7153799142340338	14.623825841627085	292.4765168325417	47.03006582426375	47.03006582426375	71.18930673909185
313	71.5400536083325	0.715400536083325	10.679128283200548	213.58256566401096	47.036973449921334	47.036973449921334	55.425494263177995
314	71.53565635905716	0.7153565635905715	14.581097877946696	291.6219575589339	47.02483119968619	47.02483119968619	71.01214019440947
315	71.53989641059658	0.7153989641059658	14.52125532787776	290.4251065575552	47.03658557699743	47.03658557699743	70.77073277637466
316	71.5388694722623	0.7153886947226231	14.523329994968808	290.46659989937615	47.029661841183874	47.029661841183874	70.7769284897393
317	71.53263971673353	0.7153263971673353	14.53803247694044	290.7606495388088	47.02959157994954	47.02959157994954	70.83651571788327
318	71.53515068106942	0.7153515068106943	10.618768401449035	212.3753680289807	47.025181443950224	47.025181443950224	55.188053840738604
319	71.53284672655901	0.7153284672655902	10.865815765962939	217.31631531925876	47.04687489977092	47.04687489977092	56.15066452243203
320	71.53513416535462	0.7153513416535462	14.53234832811838	290.6469665623676	47.02257521619762	47.02257521619762	70.81105630706915
321	71.5351024362693	0.715351024362693	14.530573889976473	290.61147779952944	47.034288609953144	47.034288609953144	70.80771369298895
322	71.53106001264284	0.7153106001264284	14.522769220272401	290.45538440544806	47.028706135079	47.028706135079	70.77439319138655
323	71.5276795630341	0.715276795630341	14.647020143098974	292.94040286197946	47.03513105397337	47.03513105397337	71.28631593876005
324	71.5305130764548	0.7153051307645479	14.645555860927177	292.91111721854355	47.03251865622413	47.03251865622413	71.27903953036953
325	71.52709300439638	0.7152709300439638	14.529675713858056	290.59351427716115	47.026204207420385	47.026204207420385	70.80139901615978
326	71.53027394239503	0.7153027394239503	14.523136492608407	290.46272985216814	47.03480959364124	47.03480959364124	70.77770464611068
327	71.53483310128993	0.7153483310128993	14.564886357381305	291.2977271476261	47.02905795804184	47.02905795804184	70.94698131508474
328	71.53013059737702	0.7153013059737703	14.537227976740843	290.74455953481686	47.029538234892065	47.029538234892065	70.83363006524608
329	71.5347346713932	0.715347346713932	14.523133372377083	290.46266744754166	47.02892573257919	47.02892573257919	70.77553648799932
330	71.53260651438093	0.7153260651438094	14.543173226608607	290.86346453217215	47.031606668572046	47.031606668572046	70.85845758214683
331	71.53055648292425	0.7153055648292426	14.631309730955639	292.62619461911277	47.04167034778396	47.04167034778396	71.2237741134553
332	71.53298522686067	0.7153298522686068	14.546670581325067	290.9334116265013	47.03102921829267	47.03102921829267	70.87333402726634
333	71.53332524039295	0.7153332524039295	14.57483957182551	291.4967914365102	47.04382144545722	47.04382144545722	70.99263946595579
334	71.53132174440925	0.7153132174440926	14.534405205442527	290.68810410885055	47.035936529811444	47.035936529811444	70.8244675714868
335	71.52807211881598	0.7152807211881599	14.63333143059905	292.66662861198097	47.03458838802161	47.03458838802161	71.22983502863845
336	71.53274434631042	0.7153274434631043	14.531798224891844	290.6359644978369	47.042307293837766	47.042307293837766	70.81573049657572
337	71.53119589202583	0.7153119589202583	14.546825140809746	290.93650281619495	47.037794300015506	47.037794300015506	70.87570264702576
338	71.53166840623128	0.7153166840623127	14.522886440184463	290.45772880368924	47.03169804042573	47.03169804042573	70.77524743716612
339	71.53150863811456	0.7153150863811456	14.543576333566788	290.87152667133574	47.04097225409205	47.04097225409205	70.86342847497642
340	71.5292266065802	0.715292266065802	14.647386790715125	292.9477358143025	47.04577805202573	47.04577805202573	71.29129289794372
341	71.53657429932206	0.7153657429932205	14.544507060512924	290.8901412102585	47.0427320203612	47.0427320203612	70.8679516761703
342	71.52689554800672	0.7152689554800672	14.536399540322774	290.72799080645547	47.030440819455606	47.030440819455606	70.83021174950376
343	71.53420400480883	0.7153420400480883	14.55288288803802	291.05765776076043	47.039048560283135	47.039048560283135	70.90059458184253
344	71.5323507311751	0.715323507311751	10.819541620222088	216.39083240444177	47.044978795859045	47.044978795859045	55.97037874145703
345	71.53096293628909	0.7153096293628909	14.545012062201847	290.9002412440369	47.037397148918586	47.037397148918586	70.8687200208057
346	71.52838075354592	0.7152838075354592	14.548530052048227	290.97060104096454	47.03965746419847	47.03965746419847	70.88366897105904
347	71.5308917196172	0.7153089171961721	14.541897335652575	290.8379467130515	47.02851040469617	47.02851040469617	70.85218019232019
348	71.53063085612585	0.7153063085612585	14.521558834916599	290.43117669833197	47.025229775961115	47.025229775961115	70.76731481741635
349	71.52973961565093	0.7152973961565092	14.646981085356934	292.9396217071387	47.03984152376507	47.03984152376507	71.28769026485263
350	71.53493461528242	0.7153493461528243	14.541388845206793	290.8277769041359	47.02542327543364	47.02542327543364	70.84973387086633
351	71.53024635771642	0.7153024635771642	14.544728593369017	290.89457186738036	47.02306530865121	47.02306530865121	70.8621317034651
352	71.52928902293985	0.7152928902293985	10.805051286615985	216.1010257323197	47.034108768631015	47.034108768631015	55.91047960286092
353	71.5264129207258	0.715264129207258	14.528084196635369	290.5616839327074	47.034198210520515	47.034198210520515	70.79778220950155
354	71.53079181361802	0.7153079181361802	14.544019519339333	290.88039038678664	47.0336206905722	47.0336206905722	70.8625401094144
355	71.52650002298391	0.7152650002298391	14.655839974641264	293.1167994928253	47.04400695096676	47.04400695096676	71.3254231084752
356	71.53045548938516	0.7153045548938516	14.563794923890859	291.2758984778172	47.04122488107354	47.04122488107354	70.94653588225984
357	71.5279611039876	0.7152796110398759	14.541741956300351	290.834839126007	47.03686986945602	47.03686986945602	70.85484419181483
358	71.5276229103824	0.715276229103824	14.546722074859886	290.9344414971977	47.034895099083755	47.034895099083755	70.87444660709875
359	71.53043665741181	0.7153043665741181	14.524330501701863	290.48661003403726	47.034509667549976	47.034509667549976	70.78235980161732
360	71.52689978000866	0.7152689978000867	14.539852908071392	290.79705816142786	47.03152613612895	47.03152613612895	70.84554960347666
361	71.531062347992	0.71531062347992	14.523828762946012	290.47657525892026	47.034457909214716	47.034457909214716	70.78024440576705
362	71.53459942783932	0.7153459942783933	14.548768915006008	290.97537830012016	47.0302523243252	47.0302523243252	70.8812397293995
363	71.53356722347732	0.7153356722347732	14.545850821242652	290.91701642485305	47.02075616149296	47.02075616149296	70.86645975575006
364	71.52861397875	0.7152861397875	10.705264973697126	214.10529947394252	47.030785387148164	47.030785387148164	55.523419449755885
365	71.52708991887502	0.7152708991887502	14.521130619087202	290.42261238174405	47.045090079321746	47.045090079321746	70.7730153587161
366	71.52763257940045	0.7152763257940045	14.54197840152126	290.8395680304252	47.027366187325704	47.027366187325704	70.85263151494358
367	71.53351545232303	0.7153351545232303	14.532418099818315	290.6483619963663	47.025440351474735	47.025440351474735	70.8128747991643
368	71.52843974932132	0.7152843974932133	14.543261938362491	290.8652387672498	47.03995825560794	47.03995825560794	70.86212994137772
369	71.52832748561828	0.7152832748561828	14.542761437480152	290.85522874960304	47.04090524862842	47.04090524862842	70.86014178913905
370	71.52944627156876	0.7152944627156876	14.537247052232203	290.74494104464407	47.046597503612304	47.046597503612304	70.83927016617245
371	71.52796243159129	0.715279624315913	14.548801144744653	290.97602289489305	47.04008388362094	47.04008388362094	70.88465200529257
372	71.52846299317218	0.7152846299317218	10.609902245521337	212.19804491042674	47.0375462648286	47.0375462648286	55.160142703318165
373	71.51407504662862	0.7151407504662862	14.748954319317072	294.97908638634146	47.03798377102382	47.03798377102382	71.70689603988272
374	71.50577681697438	0.7150577681697438	14.533143766927344	290.6628753385469	47.04360970908716	47.04360970908716	70.82208819638983
375	71.50262494246294	0.7150262494246294	14.54000761676278	290.80015233525563	47.03599804819267	47.03599804819267	70.84816802908722
376	71.50332791108394	0.7150332791108395	14.539278847909406	290.78557695818813	47.03742099425292	47.03742099425292	70.84568440848338
377	71.50895828534536	0.7150895828534536	10.639047177263988	212.78094354527977	47.0387536740757	47.0387536740757	55.27317139014936
378	71.50397126933812	0.7150397126933813	10.618578008670237	212.37156017340476	47.03434532439234	47.03434532439234	55.19308437031029
379	71.50347565966466	0.7150347565966466	14.52711525396787	290.5423050793574	47.03375970719271	47.03375970719271	70.7941339136965
380	71.50510649618332	0.7150510649618331	14.544164680679225	290.8832936135845	47.033462918349436	47.033462918349436	70.86436736820163
381	71.50128835461689	0.7150128835461689	10.611697720715995	212.2339544143199	47.043506106755	47.043506106755	55.17019974435652
382	71.50335491538077	0.7150335491538077	10.634823770245674	212.69647540491349	47.03249872993725	47.03249872993725	55.25441371199488
383	71.50102691918366	0.7150102691918366	14.606516051361265	292.1303210272253	47.04211768338693	47.04211768338693	71.123305753409
384	71.50494180040182	0.7150494180040182	14.527823565850717	290.55647131701437	47.03205673885222	47.03205673885222	70.79659315143667
385	71.50390283465673	0.7150390283465673	14.624948647694781	292.49897295389565	47.03966425203804	47.03966425203804	71.19830596351115
386	71.50200172247439	0.715020017224744	14.56622834900656	291.3245669801312	47.025831566911265	47.025831566911265	70.95319645692241
387	71.50260990327453	0.7150260990327454	14.522603677406838	290.45207354813675	47.03616934472058	47.03616934472058	70.77667836959371
388	71.51120032190322	0.7151120032190322	10.62078162792864	212.41563255857278	47.02682448096534	47.02682448096534	55.19759735471615
389	71.50588912138775	0.7150588912138776	10.617650433514854	212.35300867029707	47.02479567578757	47.02479567578757	55.18486028452948
390	71.50577025160271	0.7150577025160272	14.54062889397075	290.812577879415	47.02232433718742	47.02232433718742	70.84630472074674
391	71.50560886639848	0.7150560886639847	14.546764271765941	290.9352854353188	47.02514240677797	47.02514240677797	70.87267654593307
392	71.50356867292285	0.7150356867292286	14.538004277667389	290.7600855533478	47.04746139340268	47.04746139340268	70.84358126291743
393	71.50308035766942	0.7150308035766942	14.594292186062603	291.88584372125206	47.03200777806244	47.03200777806244	71.07032929598053
394	71.50645378819833	0.7150645378819833	14.5357592565325	290.71518513065	47.041574761486	47.041574761486	70.83212804345416
395	71.50672069158013	0.7150672069158013	14.744680381517668	294.89360763035336	47.02060536634732	47.02060536634732	71.68428535585784
396	71.50151287529057	0.7150151287529057	14.664954341213685	293.2990868242737	47.03485303782441	47.03485303782441	71.36141862239177
397	71.50211961157255	0.7150211961157256	10.633206683356226	212.66413366712453	47.044443189959466	47.044443189959466	55.25357363257125
398	71.50287201170767	0.7150287201170766	10.767280425867918	215.34560851735836	47.02903824220424	47.02903824220424	55.76438390452474
399	71.50230366172342	0.7150230366172342	10.620792347255337	212.41584694510675	47.046509503694054	47.046509503694054	55.206574090089504
400	71.49782498389415	0.7149782498389415	14.592691485806297	291.8538297161259	47.03038977615141	47.03038977615141	71.06306359329378
401	71.49837498211564	0.7149837498211563	14.567213849229432	291.34427698458865	47.034207950922784	47.034207950922784	70.95936570170184
402	71.50552507392582	0.7150552507392582	14.718212703961582	294.3642540792316	47.030527432968015	47.030527432968015	71.57892008934928
403	71.50266863992292	0.7150266863992292	14.549026072445388	290.9805214489078	47.02882339925666	47.02882339925666	70.88316169358181
404	71.49984729355342	0.7149984729355342	14.64731227821048	292.9462455642096	47.04203771588478	47.04203771588478	71.2912301495152
405	71.50405481722413	0.7150405481722413	14.518763310923017	290.37526621846035	47.02571344919845	47.02571344919845	70.7578995491763
406	71.50256812473216	0.7150256812473217	10.629858080265082	212.59716160530164	47.04050936786234	47.04050936786234	55.2386414607361
407	71.5006586035555	0.7150065860355549	14.538772225014574	290.7754445002915	47.03336290071266	47.03336290071266	70.8421060171266
408	71.50373966719745	0.7150373966719745	14.541016717952239	290.82033435904475	47.03201815690582	47.03201815690582	70.85128379798249
409	71.506464809354	0.71506464809354	10.603796632405457	212.07593264810913	47.026554915283675	47.026554915283675	55.1331270703036
410	71.50201462556763	0.7150201462556762	10.66246236763812	213.2492473527624	47.03033173489849	47.03033173489849	55.36037624172405
411	71.50238113470662	0.7150238113470663	10.619057066341313	212.38114132682625	47.042772227719674	47.042772227719674	55.19875665116955
412	71.50212002791228	0.7150212002791229	14.524831589139069	290.4966317827814	47.046104735977195	47.046104735977195	70.7892636633919
413	71.5045664205735	0.715045664205735	14.580631724134388	291.6126344826878	47.02798420061617	47.02798420061617	71.01269169511205
414	71.50541076166321	0.7150541076166321	10.801007226971786	216.0201445394357	47.02503628985791	47.02503628985791	55.89312294871812
415	71.50526812391138	0.7150526812391138	14.652748903858477	293.05497807716955	47.036540573144364	47.036540573144364	71.31191192454645
416	71.4998889753995	0.7149988897539951	14.547447171230592	290.94894342461185	47.04263974458665	47.04263974458665	70.88070191507977
417	71.4991568966705	0.714991568966705	14.548465583057034	290.9693116611407	47.04250086045663	47.04250086045663	70.88503155592772
418	71.50268328940159	0.7150268328940159	10.74217764062499	214.84355281249978	47.01980527484098	47.01980527484098	55.66393366902152
419	71.50382177583532	0.7150382177583532	14.539315123650237	290.78630247300475	47.03474595665263	47.03474595665263	70.84483403478251
420	71.50547524094179	0.715054752409418	10.633720217973897	212.67440435947793	47.03643537277508	47.03643537277508	55.252357304528545
421	71.50105459371612	0.7150105459371612	14.547793316632646	290.95586633265293	47.04146413566833	47.04146413566833	70.88251338701458
