#	Epoch	E	E*lambda_E	rho	rho*lambda_rho	ae	ae*lambda_ae	total
0	6.432753396176903	0.06432753396176903	16.49549949280763	329.9099898561526	60.075304543721955	60.075304543721955	84.57209476252625
1	6.37335766255953	0.0637335766255953	16.496174364602773	329.9234872920555	59.69663573217293	59.69663573217293	84.43795452838977
2	8.12822878925616	0.08128228789256162	16.465204959794185	329.30409919588374	58.97280805989889	58.97280805989889	84.05002040216654
3	10.530075104989008	0.10530075104989008	16.445040977568887	328.9008195513777	58.604062566621735	58.604062566621735	83.80771521772925
4	11.325932632402417	0.11325932632402416	16.420596729276706	328.41193458553414	57.91220114858576	57.91220114858576	83.44220405535452
5	13.242364244810739	0.1324236424481074	16.394962717871323	327.89925435742646	57.45036401846887	57.45036401846887	83.15431826139948
6	15.090889699189518	0.1509088969918952	16.382634403884985	327.65268807769974	56.93190274698628	56.93190274698628	82.88271416501698
7	17.553686560370334	0.17553686560370335	16.353298818811307	327.06597637622616	56.56666751590326	56.56666751590326	82.58700564665787
8	19.187996338096763	0.19187996338096763	16.333266599366898	326.66533198733794	56.03112306021089	56.03112306021089	82.2916616842728
9	23.123070606947948	0.23123070606947949	16.30876250591857	326.17525011837137	55.726479394306914	55.726479394306914	82.01397200888324
10	24.89491193473401	0.24894911934734013	16.287738879470187	325.7547775894037	55.16044708273943	55.16044708273943	81.70554486944415
11	27.01975936556055	0.27019759365560553	16.264838272741066	325.2967654548213	54.82205132651065	54.82205132651065	81.43294406022073
12	30.185955683899145	0.30185955683899146	16.223943368440924	324.4788673688185	54.39497815660598	54.39497815660598	81.06482585166768
13	33.38936146011517	0.3338936146011517	16.207743582848977	324.15487165697954	54.03821314940106	54.03821314940106	80.80156641362998
14	36.93606184787267	0.36936061847872675	16.188704881473516	323.7740976294703	53.55572343545357	53.55572343545357	80.50828438888634
15	40.916879267000944	0.40916879267000944	16.161316200215026	323.2263240043005	53.23576612054776	53.23576612054776	80.18502676589546
16	43.42827909270788	0.43428279092707883	16.134482252977254	322.68964505954506	52.73490600373342	52.73490600373342	79.85713601582616
17	48.01891163514918	0.4801891163514918	16.103871494283318	322.07742988566633	52.88305289785377	52.88305289785377	79.5782471746518
18	54.415929199692556	0.5441592919969256	16.083092321415656	321.6618464283131	52.4170667454024	52.4170667454024	79.22646443237028
19	58.194239473155335	0.5819423947315534	16.05434642825384	321.0869285650768	52.34642223877912	52.34642223877912	78.94099760352533
20	62.02764569568877	0.6202764569568877	16.027800982882358	320.55601965764714	52.02042942734123	52.02042942734123	78.62220957587515
21	64.57085004166228	0.6457085004166229	16.01082648443679	320.2165296887358	51.86385376944539	51.86385376944539	78.36665357590947
22	68.5401583200652	0.685401583200652	15.983808176073572	319.67616352147144	51.64203866011939	51.64203866011939	78.05531596047742
23	71.84868705012858	0.7184868705012858	15.966280062089066	319.3256012417813	51.47911640021971	51.47911640021971	77.8185161410289
24	74.13695433164267	0.7413695433164267	15.951614397905711	319.03228795811424	51.47385284588418	51.47385284588418	77.62507774502855
25	76.60281526008023	0.7660281526008024	15.91584298844358	318.3168597688716	51.39408389127631	51.39408389127631	77.35170953218058
26	79.71366186951128	0.7971366186951129	15.901676924170475	318.03353848340953	51.547394262803635	51.547394262803635	77.17773756545857
27	81.0864949617744	0.810864949617744	16.026449501427624	320.52899002855247	58.31508295624913	58.31508295624913	79.94671407879791
28	72.1148170927038	0.7211481709270381	15.872783335900815	317.4556667180163	50.56209820091405	50.56209820091405	77.1646457027376
29	70.30003576878718	0.7030003576878718	15.864517321408078	317.29034642816157	50.60712637113556	50.60712637113556	77.18658809549947
30	70.47820347785218	0.7047820347785217	15.85662571646394	317.1325143292788	50.59825236377799	50.59825236377799	77.14441414545344
31	70.5814417428322	0.705814417428322	15.84502270456536	316.9004540913072	50.56578903858233	50.56578903858233	77.07988833123473
32	70.86813868149267	0.7086813868149267	15.850329436383117	317.00658872766235	50.56078541029687	50.56078541029687	77.08918893658857
33	71.16223886748585	0.7116223886748586	15.84500993335569	316.90019866711384	50.556932577537815	50.556932577537815	77.05014332489638
34	71.36717619523199	0.71367176195232	15.842689919290741	316.8537983858148	50.551356332063605	50.551356332063605	77.02325797663431
35	71.81603438699413	0.7181603438699413	15.83171799051599	316.6343598103198	50.53049100434836	50.53049100434836	76.95412342311562
36	71.99556615741132	0.7199556615741132	15.826068316219288	316.5213663243858	50.53920477658157	50.53920477658157	76.91750336895018
37	72.2179453995592	0.722179453995592	15.827237470114879	316.54474940229755	50.51070106921835	50.51070106921835	76.90717493880405
38	72.44061862575472	0.7244061862575473	15.817239286475605	316.34478572951207	50.49841744830725	50.49841744830725	76.84799155491903
39	72.81692700504824	0.7281692700504825	15.818026490143241	316.36052980286485	50.52228990391272	50.52228990391272	76.83539931780379
40	73.11555357770612	0.7311555357770613	15.80881521366081	316.1763042732162	50.53993972973446	50.53993972973446	76.78297054413444
41	73.35185594263723	0.7335185594263723	15.80044450390514	316.0088900781028	50.49532270784788	50.49532270784788	76.72937564404519
42	73.46174457005027	0.7346174457005027	15.80159132755072	316.0318265510144	50.4815184434759	50.4815184434759	76.72133722096747
43	73.7600572029832	0.7376005720298321	15.793168684013924	315.86337368027847	50.51563305459301	50.51563305459301	76.67294734851718
44	74.31653935992166	0.7431653935992166	15.787809044555702	315.75618089111407	50.51935767835135	50.51935767835135	76.62961786574607
45	74.31114245439598	0.7431114245439597	15.777509388717036	315.5501877743407	50.46896415092512	50.46896415092512	76.57077427013789
46	74.55513345271697	0.7455513345271697	15.770887816574247	315.41775633148495	50.454173065844955	50.454173065844955	76.52625242448131
47	74.9424640636091	0.7494246406360909	15.770599518482486	315.41199036964974	50.475178045603066	50.475178045603066	76.5056987487215
48	75.1427332904422	0.751427332904422	15.759299970237072	315.18599940474144	50.477550490297	50.477550490297	76.44171070020488
49	75.51539493856815	0.7551539493856815	15.757054935549649	315.141098710993	50.445997957988126	50.445997957988126	76.4102587451429
50	75.62225232696116	0.7562225232696116	15.755859342623749	315.11718685247496	50.43793204467664	50.43793204467664	76.38969130423841
51	75.96215317312662	0.7596215317312662	15.743123877971499	314.86247755943	50.43893054850259	50.43893054850259	76.3240170026925
52	76.12007474543691	0.7612007474543692	15.735673295413553	314.7134659082711	50.45128572543972	50.45128572543972	76.27675665289355
53	76.4549286073167	0.7645492860731671	15.722351874932146	314.44703749864294	50.447525120223325	50.447525120223325	76.20450788348708
54	76.81902293813586	0.7681902293813586	15.719289687255607	314.38579374511215	50.42396794323162	50.42396794323162	76.16512401569571
55	76.95441303137417	0.7695441303137418	15.71476369389603	314.2952738779206	50.44111030762176	50.44111030762176	76.13464735682527
56	77.36213836119411	0.7736213836119411	15.710289888460963	314.20579776921926	50.428890146758924	50.428890146758924	76.09396009602587
57	77.91246604628603	0.7791246604628603	15.702383585059929	314.04767170119857	50.44815682790883	50.44815682790883	76.04178430623614
58	77.76614860152856	0.7776614860152856	15.695044651028198	313.90089302056396	50.43463501918025	50.43463501918025	76.00125646185047
59	77.99144675036021	0.7799144675036022	15.678137122849487	313.5627424569897	50.42553136077467	50.42553136077467	75.91570825374055
60	78.41536288853167	0.7841536288853168	15.68214120794878	313.6428241589756	50.41592820557367	50.41592820557367	75.90228526176608
61	78.98580084697718	0.7898580084697718	15.660365605857537	313.20731211715076	50.47005513080336	50.47005513080336	75.80213275656891
62	78.89324195398952	0.7889324195398952	15.65682873038136	313.1365746076272	50.43206735633136	50.43206735633136	75.76490139834867
63	79.69578626866657	0.7969578626866657	15.662653173998738	313.25306347997474	50.46995388179687	50.46995388179687	75.77299253202418
64	79.48591448717967	0.7948591448717968	15.642871202370793	312.85742404741586	50.443804134470895	50.443804134470895	75.67585485403845
65	79.9511089829383	0.7995110898293829	15.632637111837461	312.6527422367492	50.451838867576676	50.451838867576676	75.61250769721711
66	80.07129210789687	0.8007129210789686	15.625931040109057	312.51862080218115	50.438625282825996	50.438625282825996	75.56527003520708
67	80.46011331754204	0.8046011331754204	15.613278170878033	312.26556341756066	50.452711699222824	50.452711699222824	75.49151276779199
68	80.4540346685964	0.8045403466859641	15.5998050729794	311.996101459588	50.4328002987554	50.4328002987554	75.41713696350867
69	80.8093673117295	0.8080936731172951	15.593977543913343	311.87955087826685	50.4289907659961	50.4289907659961	75.37598730747972
70	81.09924275510664	0.8109924275510665	15.59469406466411	311.89388129328216	50.449633547985535	50.449633547985535	75.35960565896386
71	81.35037286198353	0.8135037286198353	15.576927703222323	311.53855406444643	50.459300692847584	50.459300692847584	75.26576543824008
72	81.65120618761824	0.8165120618761824	15.575078459877968	311.5015691975594	50.49250830287993	50.49250830287993	75.24264266344508
73	81.7889349671388	0.817889349671388	15.559725113943225	311.1945022788645	50.45773649387088	50.45773649387088	75.1598021795107
74	82.011914784472	0.82011914784472	15.549336317449066	310.98672634898134	50.46861382392971	50.46861382392971	75.10273106350112
75	82.46880000623514	0.8246880000623514	15.540266590598753	310.80533181197507	50.45654446882084	50.45654446882084	75.0399069743654
76	83.01970424380463	0.8301970424380463	15.530923410562039	310.6184682112408	50.499169275932395	50.499169275932395	74.98376607313074
77	82.95172151532347	0.8295172151532347	15.524743634400613	310.49487268801226	50.472035695957956	50.472035695957956	74.93820723338087
78	82.84740704517289	0.8284740704517288	15.511649851340378	310.23299702680754	50.48480564046683	50.48480564046683	74.87190236970767
79	83.5693349344446	0.835693349344446	15.509499795540206	310.1899959108041	50.526799359806034	50.526799359806034	74.8379558630189
80	83.90586402831211	0.8390586402831212	15.496228510298128	309.92457020596254	50.531154839437825	50.531154839437825	74.75960651388145
81	83.78450115799205	0.8378450115799205	15.490615839128996	309.8123167825799	50.502521055082724	50.502521055082724	74.72029013353617
82	83.75933200465593	0.8375933200465593	15.488707671274838	309.77415342549676	50.47978874347282	50.47978874347282	74.69633683330072
83	83.93815574077442	0.8393815574077442	15.465883505525516	309.31767011051033	50.4620014981445	50.4620014981445	74.58302911628648
84	84.33896406598544	0.8433896406598543	15.462636459215348	309.252729184307	50.506018737713404	50.506018737713404	74.54849443147398
85	84.77813615039412	0.8477813615039412	15.457675656632528	309.1535131326506	50.53198714791657	50.53198714791657	74.50992501007083
86	84.58079971865561	0.8458079971865562	15.441861651799792	308.83723303599584	50.49053698064213	50.49053698064213	74.42755150425332
87	84.58440099153103	0.8458440099153103	15.430344845564479	308.6068969112896	50.46265052885384	50.46265052885384	74.35818058127835
88	84.92210661045017	0.8492210661045018	15.430728682083267	308.61457364166534	50.49180149708991	50.49180149708991	74.34033086620028
89	85.45278502322637	0.8545278502322637	15.414260415135026	308.28520830270054	50.56459109563634	50.56459109563634	74.2580345800071
90	85.4323560477285	0.8543235604772851	15.407662342879403	308.15324685758804	50.51183982913142	50.51183982913142	74.20937001292734
91	85.0580648131549	0.850580648131549	15.395550839829404	307.9110167965881	50.46906162781056	50.46906162781056	74.14281296900299
92	85.55072873136164	0.8555072873136165	15.390849567904818	307.81699135809635	50.508033932607134	50.508033932607134	74.10767415054647
93	85.62782708372663	0.8562782708372663	15.378204739557125	307.5640947911425	50.45821590442292	50.45821590442292	74.03127607132815
94	85.58336209450762	0.8558336209450762	15.373145859042545	307.4629171808509	50.50745308334814	50.50745308334814	73.99577777772984
95	86.3113551410546	0.863113551410546	15.363041774132585	307.2608354826517	50.51027352905693	50.51027352905693	73.91889964625412
96	86.78248005035307	0.8678248005035307	15.35415810939205	307.08316218784097	50.5080139498909	50.5080139498909	73.85164838377501
97	86.6188178197064	0.866188178197064	15.347311127459191	306.9462225491838	50.55560033413766	50.55560033413766	73.82403978757183
98	86.4899698243836	0.8648996982438361	15.335427297427334	306.70854594854666	50.521955945319675	50.521955945319675	73.74985651830679
99	86.99023009210144	0.8699023009210144	15.321489939964554	306.42979879929106	50.51611765985563	50.51611765985563	73.6683887938202
100	86.83738828008143	0.8683738828008143	15.313116533759775	306.26233067519547	50.4835645055687	50.4835645055687	73.61393173269948
101	87.25729747022045	0.8725729747022045	15.305616564018045	306.1123312803609	50.54257128059922	50.54257128059922	73.56841470901915
102	86.92895619473941	0.8692895619473942	15.296756942225839	305.93513884451676	50.516771376083135	50.516771376083135	73.51471252681465
103	87.12661505333939	0.871266150533394	15.286545973442033	305.7309194688407	50.53280202247606	50.53280202247606	73.45370466263977
104	84.87153270322285	0.8487153270322285	15.23998433836518	304.79968676730357	49.81411577698541	49.81411577698541	73.28493472443357
105	64.57413288082327	0.6457413288082328	15.414238440491346	308.2847688098269	48.98921905849198	48.98921905849198	74.50198444327907
106	63.723559441279384	0.6372355944127939	15.409713696333833	308.19427392667666	48.766068550057405	48.766068550057405	74.49636722948537
107	63.7394332015674	0.637394332015674	15.409235936096055	308.1847187219211	48.75712557103238	48.75712557103238	74.48854355445546
108	63.85259956248578	0.6385259956248578	15.405931073090413	308.11862146180823	48.78802266081939	48.78802266081939	74.47195864191501
109	63.92103706609044	0.6392103706609045	15.407111042550097	308.1422208510019	48.77514365176244	48.77514365176244	74.47082628030333
110	63.94461072281162	0.6394461072281162	15.398834108840393	307.97668217680786	48.777449934645155	48.777449934645155	74.4302591919808
111	64.09953302406069	0.640995330240607	15.389511619696867	307.79023239393734	48.806189409789894	48.806189409789894	74.39108344350011
112	64.12917344376693	0.6412917344376693	15.38599545587546	307.7199091175092	48.779311332755405	48.779311332755405	74.36337293993671
113	64.27616329517762	0.6427616329517762	15.387260825266091	307.7452165053218	48.80154608713823	48.80154608713823	74.36630140289807
114	64.2816767422812	0.6428167674228121	15.379439741298874	307.5887948259775	48.79074598387087	48.79074598387087	74.32668800064809
115	64.3348722095233	0.643348722095233	15.37356821040735	307.471364208147	48.80426178644766	48.80426178644766	74.30126630288798
116	64.41100005322879	0.644110000532288	15.377489400532124	307.5497880106425	48.792660602067905	48.792660602067905	74.30711757707664
117	64.41946495826129	0.6441946495826129	15.370958862762217	307.41917725524434	48.80300377926288	48.80300377926288	74.28349344784634
118	64.42601384186527	0.6442601384186527	15.374830652260437	307.49661304520873	48.791588218651256	48.791588218651256	74.29508432834407
119	64.44867461361498	0.6444867461361499	15.360666255152235	307.2133251030447	48.79625698371215	48.79625698371215	74.23661009389846
120	64.4472930749011	0.644472930749011	15.362972282849155	307.2594456569831	48.80810886650829	48.80810886650829	74.24959780736816
121	64.45763056976226	0.6445763056976226	15.375062660278976	307.50125320557953	48.804408985700356	48.804408985700356	74.2973557427699
122	64.4789123717685	0.644789123717685	15.36022281416621	307.2044562833242	48.801168121433044	48.801168121433044	74.23386841146319
123	64.4766894192382	0.644766894192382	15.372318506877711	307.44637013755425	48.81221865772817	48.81221865772817	74.28682543273614
124	64.48950261883768	0.6448950261883768	15.366897635750046	307.33795271500094	48.797851315393274	48.797851315393274	74.25893468621734
125	64.49886176363329	0.6449886176363329	15.372075401618293	307.44150803236585	48.80917514140095	48.80917514140095	74.28293450893396
126	64.51606997875591	0.6451606997875591	15.375553202564314	307.51106405128627	48.81019585776857	48.81019585776857	74.29759544288807
127	64.52447007770147	0.6452447007770147	15.354912025525081	307.0982405105016	48.80718876279018	48.80718876279018	74.20971525977885
128	64.52482404278443	0.6452482404278443	15.373587556759496	307.47175113518995	48.79884935666992	48.79884935666992	74.2843773891664
129	64.52737632588943	0.6452737632588944	15.37528182846581	307.5056365693162	48.81381485091765	48.81381485091765	74.29616920089033
130	64.52775723279528	0.6452775723279528	15.371199187264219	307.4239837452844	48.80125876879923	48.80125876879923	74.27487766138316
131	64.52964979392748	0.6452964979392748	15.366646138122546	307.3329227624509	48.80548869685856	48.80548869685856	74.25730887956675
132	64.5286132820125	0.645286132820125	15.372371727556093	307.4474345511219	48.80702147945514	48.80702147945514	74.28205525310679
133	64.53405281470609	0.6453405281470609	15.367913812846362	307.35827625692724	48.805910966202354	48.805910966202354	74.26318662295174
134	64.53042722593581	0.6453042722593582	15.360671079726426	307.21342159452854	48.813007987095304	48.813007987095304	74.23516924365006
135	64.53445787126522	0.6453445787126522	15.366204800293383	307.32409600586766	48.79672973632265	48.79672973632265	74.25267786667658
136	64.53133537856019	0.6453133537856018	15.363578541876656	307.2715708375331	48.80791176831308	48.80791176831308	74.2452954073245
137	64.53513157788969	0.6453513157788969	15.36537347667438	307.3074695334876	48.80535639274077	48.80535639274077	74.25156822348538
138	64.53546309735981	0.6453546309735981	15.369841888259332	307.39683776518666	48.80804841826525	48.80804841826525	74.27086838917349
139	64.5386282811601	0.645386282811601	15.374514930986695	307.4902986197339	48.80624023589888	48.80624023589888	74.28912822242864
140	64.53147258684372	0.6453147258684372	15.369855233758733	307.39710467517466	48.80567114663625	48.80567114663625	74.27017344257385
141	64.5367183891339	0.645367183891339	15.370315276268077	307.4063055253615	48.80659970273342	48.80659970273342	74.2727857643913
142	64.5387931907224	0.645387931907224	15.372113197877084	307.4422639575417	48.801682435588	48.801682435588	74.27839963827547
143	64.53635424865695	0.6453635424865695	15.369259446049764	307.3851889209953	48.795254965173584	48.795254965173584	74.26442495761732
144	64.537108960047	0.64537108960047	15.367796981808796	307.35593963617595	48.81421853498356	48.81421853498356	74.26397618099412
145	64.54320871638497	0.6454320871638497	15.372340277809542	307.44680555619084	48.80399198649128	48.80399198649128	74.27987273815758
146	64.53725327411209	0.6453725327411209	15.375167257210856	307.5033451442171	48.804531367786176	48.804531367786176	74.2917965215065
147	64.53659771620384	0.6453659771620385	15.369609427492431	307.39218854984864	48.80925703541864	48.80925703541864	74.2706485208275
148	64.5385917960397	0.645385917960397	15.3736201126691	307.472402253382	48.80555421805166	48.80555421805166	74.28583919535788
149	64.53786397671139	0.645378639767114	15.36649776190371	307.3299552380742	48.795311524896874	48.795311524896874	74.25317671065977
150	64.53699047711531	0.6453699047711531	15.367550416519652	307.35100833039303	48.805429808423085	48.805429808423085	74.26060602876285
151	64.53687518308612	0.6453687518308613	15.36339641200742	307.2679282401484	48.80108223867089	48.80108223867089	74.24228532712614
152	64.53602364356745	0.6453602364356745	15.37161280523548	307.4322561047096	48.80014683134284	48.80014683134284	74.27575681801532
153	64.54069271751783	0.6454069271751783	15.355948281049278	307.11896562098553	48.80423920043088	48.80423920043088	74.21220815237251
154	64.54320373925394	0.6454320373925394	15.37493573595908	307.4987147191816	48.80515082020674	48.80515082020674	74.29125732758112
155	64.5365069295409	0.645365069295409	15.365685724673227	307.31371449346454	48.815777590847084	48.815777590847084	74.25547427056618
156	64.54030868636322	0.6454030868636322	15.361892385812306	307.2378477162461	48.8054094446368	48.8054094446368	74.23694345129157
157	64.54090900396366	0.6454090900396366	15.367954140435781	307.35908280871564	48.806555672086866	48.806555672086866	74.26239764024227
158	64.54285347945817	0.6454285347945817	15.364784049187277	307.2956809837455	48.80513831018447	48.80513831018447	74.24911382959073
159	64.5372398053054	0.645372398053054	15.367500881834841	307.3500176366968	48.80779517512412	48.80779517512412	74.26106481794051
160	64.53722773831929	0.6453722773831929	15.367101017964705	307.3420203592941	48.8197321398104	48.8197321398104	74.26319824702651
161	64.53828534867395	0.6453828534867395	15.358184350064281	307.1636870012856	48.81993608471981	48.81993608471981	74.22597998712307
162	64.5374045033047	0.645374045033047	15.373827016048665	307.4765403209733	48.8168884804379	48.8168884804379	74.28972957631659
163	64.53886081873831	0.6453886081873832	15.36706007399583	307.3412014799166	48.802138077321366	48.802138077321366	74.25743414714434
164	64.54515343461894	0.6454515343461894	15.373133752428297	307.4626750485659	48.7944183803974	48.7944183803974	74.27947542397169
165	64.5423463442685	0.645423463442685	15.377144470696607	307.54288941393213	48.818082183563654	48.818082183563654	74.3048095657246
166	64.54065841366791	0.6454065841366792	15.373686378231788	307.47372756463574	48.811209194229505	48.811209194229505	74.28813915591182
167	64.537872214442	0.64537872214442	15.371059750204862	307.4211950040972	48.80978929013274	48.80978929013274	74.27594588795091
168	64.54333514838666	0.6454333514838666	15.36334096491037	307.2668192982074	48.79538326085001	48.79538326085001	74.23959296788958
169	64.54075731927523	0.6454075731927523	15.371561733875845	307.4312346775169	48.814048257489446	48.814048257489446	74.2801157375819
170	64.54633984914165	0.6454633984914164	15.373005007529079	307.4601001505816	48.8033040037551	48.8033040037551	74.28210033137681
171	64.54224941712188	0.6454224941712188	15.37471098629876	307.4942197259752	48.80355375573643	48.80355375573643	74.28963696492737
172	64.54498120650746	0.6454498120650746	15.372626761825028	307.4525352365006	48.7995970954309	48.7995970954309	74.2793449447333
173	64.54285838102632	0.6454285838102632	15.36074615207796	307.2149230415592	48.80858443498633	48.80858443498633	74.23267232235418
174	64.5398457135988	0.645398457135988	15.368673780033886	307.3734756006777	48.81025387541938	48.81025387541938	74.26655060443744
175	64.54203187558473	0.6454203187558473	15.37340202095895	307.46804041917903	48.804692851748364	48.804692851748364	74.28433593246618
176	64.54305763271917	0.6454305763271917	15.363345647917386	307.26691295834775	48.8098481931029	48.8098481931029	74.2439623213729
177	64.53929182533763	0.6453929182533763	15.37003607609459	307.4007215218918	48.8164908982781	48.8164908982781	74.2738112689412
178	64.54375490978123	0.6454375490978123	15.365971423720556	307.3194284744111	48.800267323553996	48.800267323553996	74.25206733798224
179	64.54470566983476	0.6454470566983476	15.365697350120396	307.31394700240793	48.80970274719983	48.80970274719983	74.25397936320961
180	64.5440875213082	0.645440875213082	15.373762528770504	307.4752505754101	48.804973218913965	48.804973218913965	74.286000949645
181	64.54374681816962	0.6454374681816962	15.365579795711223	307.3115959142245	48.80912561734241	48.80912561734241	74.25299742662466
182	64.54249031081167	0.6454249031081167	15.370029750412773	307.40059500825544	48.79675444338152	48.79675444338152	74.26718587581644
183	64.54230209784942	0.6454230209784941	15.369286177899028	307.38572355798055	48.81622610755852	48.81622610755852	74.2705785167991
184	64.5449846477248	0.645449846477248	15.367355630383322	307.3471126076664	48.813988447641805	48.813988447641805	74.2624005806969
185	64.54581773837558	0.6454581773837558	15.371300927405988	307.42601854811977	48.803954866259375	48.803954866259375	74.27473273404465
186	64.54518832556516	0.6454518832556516	15.359875208261446	307.1975041652289	48.80174048055092	48.80174048055092	74.22680348571564
187	64.54713846492875	0.6454713846492875	15.36219382037497	307.2438764074994	48.80662981185154	48.80662981185154	74.23774673234078
188	64.54441647645683	0.6454441647645683	15.360153615715632	307.20307231431264	48.7990702592159	48.7990702592159	74.22738604676124
189	64.54285702916043	0.6454285702916043	15.364955066420361	307.29910132840723	48.80983353924516	48.80983353924516	74.2507761320585
190	64.54330968219199	0.6454330968219198	15.363051313080643	307.26102626161287	48.81185995629512	48.81185995629512	74.24355694334021
191	64.54557652975437	0.6454557652975437	15.370227685242421	307.4045537048484	48.80114690472181	48.80114690472181	74.2700363295195
192	64.5417824347069	0.6454178243470691	15.368634968733978	307.37269937467954	48.803208670793396	48.803208670793396	74.26339628705477
193	64.54386133132255	0.6454386133132255	15.366883866187324	307.3376773237465	48.81233200946568	48.81233200946568	74.2590839322722
194	64.54650471182393	0.6454650471182393	15.372795896020618	307.45591792041233	48.806665050726004	48.806665050726004	74.28259830061492
195	64.54399442446447	0.6454399442446447	15.364663073114466	307.2932614622893	48.797106421131026	48.797106421131026	74.24542307478207
196	64.55243212850144	0.6455243212850144	15.36156493810913	307.2312987621826	48.81000566598303	48.81000566598303	74.2370009803153
197	64.55261545061416	0.6455261545061416	15.356470374820285	307.1294074964057	48.80472322291865	48.80472322291865	74.21371155134128
198	64.54824195826903	0.6454824195826904	15.375489213615644	307.5097842723129	48.817660406785436	48.817660406785436	74.29648961237085
199	64.54580552817299	0.64545805528173	15.354937449675674	307.0987489935135	48.81078944242891	48.81078944242891	74.20954849930548
200	64.54539119782338	0.6454539119782338	15.365146407517146	307.30292815034295	48.80787931825678	48.80787931825678	74.25103405641683
201	64.54900758152291	0.6454900758152292	15.36778804346065	307.355760869213	48.80266700468773	48.80266700468773	74.25942859071874
202	64.54701685754387	0.6454701685754387	15.360627901803442	307.21255803606886	48.81138982363017	48.81138982363017	74.23280792587474
203	64.55021889974947	0.6455021889974947	15.372575248855357	307.45150497710716	48.79409868964743	48.79409868964743	74.276866426756
204	64.54797950033644	0.6454797950033644	15.371837057322873	307.43674114645745	48.81355300842377	48.81355300842377	74.2797978474738
205	64.55174974242455	0.6455174974242455	15.37536771918693	307.5073543837386	48.80672181709458	48.80672181709458	74.29188320278122
206	64.54651068026287	0.6454651068026287	15.363108809475996	307.2621761895199	48.80963657362836	48.80963657362836	74.24259627273325
207	64.55279279823674	0.6455279279823674	15.365288676894048	307.30577353788095	48.814739297369	48.814739297369	74.2532758092127
208	64.55053132536142	0.6455053132536142	15.365395068123842	307.30790136247685	48.79354636128102	48.79354636128102	74.24663432565092
209	64.55713154920423	0.6455713154920423	15.364242487168488	307.28484974336976	48.806192790156686	48.806192790156686	74.24581045276538
210	64.55410140516747	0.6455410140516747	15.367031527991399	307.34063055982796	48.80733399403153	48.80733399403153	74.25747804285777
211	64.55156328070387	0.6455156328070387	15.358737030806525	307.1747406161305	48.80145370770161	48.80145370770161	74.22203091525097
212	64.55056978301779	0.645505697830178	15.367209072664114	307.34418145328226	48.8100676360289	48.8100676360289	74.25945782718698
213	64.55531843065448	0.6455531843065448	15.368889663459854	307.37779326919707	48.80415780280674	48.80415780280674	74.26527633719785
214	64.55238995549632	0.6455238995549633	15.370208707971049	307.40417415942096	48.810804772506856	48.810804772506856	74.27240898607042
215	64.55299593749487	0.6455299593749487	15.370248479822138	307.40496959644275	48.812112111261605	48.812112111261605	74.27267678496891
216	64.55417912270316	0.6455417912270316	15.361679846726382	307.23359693452767	48.81310482016986	48.81310482016986	74.23741547231617
217	64.55216245674366	0.6455216245674366	15.371435522223212	307.42871044446423	48.79935603699363	48.79935603699363	74.2730556489692
218	64.5549844542338	0.6455498445423381	15.368274055523448	307.365481110469	48.81306695009413	48.81306695009413	74.26479111035098
219	64.55946610169728	0.6455946610169728	15.372002991010538	307.44005982021076	48.79848093609277	48.79848093609277	74.27537120060697
220	64.55449454494396	0.6455449454494396	15.36307797602732	307.26155952054637	48.80911646015488	48.80911646015488	74.24174850742925
221	64.55534624990219	0.6455534624990219	15.367030476428768	307.3406095285754	48.80626022038038	48.80626022038038	74.2572486811012
222	64.55471350635064	0.6455471350635064	15.36937268330916	307.3874536661832	48.81541232935511	48.81541232935511	74.2702054440835
223	64.5539175256163	0.645539175256163	15.360374980947304	307.2074996189461	48.80960742253058	48.80960742253058	74.2308520894376
224	64.55674259926354	0.6455674259926355	15.369766191650102	307.39532383300207	48.81314102127912	48.81314102127912	74.2708875021522
225	64.55737840871282	0.6455737840871282	15.363386511269505	307.2677302253901	48.81466394952175	48.81466394952175	74.24524017770902
226	64.55246642441377	0.6455246642441377	15.37110342771626	307.4220685543252	48.82104468946773	48.82104468946773	74.27864613021137
227	64.5575465020542	0.645575465020542	15.3671799353795	307.34359870759	48.79723795345321	48.79723795345321	74.25480383828686
228	64.55877731976902	0.6455877731976902	15.366273098368957	307.32546196737917	48.8118782819599	48.8118782819599	74.25559926039556
229	64.55370932143603	0.6455370932143604	15.368985025224198	307.37970050448394	48.80604548401629	48.80604548401629	74.26562769369698
230	64.55368806421292	0.6455368806421292	15.367436208428748	307.34872416857496	48.8021037621631	48.8021037621631	74.25732064141013
231	64.56327848763264	0.6456327848763265	15.362093166315551	307.24186332631103	48.81127908608506	48.81127908608506	74.23862847496763
232	64.55499306938309	0.6455499306938309	15.3604493153472	307.208986306944	48.81817166604548	48.81817166604548	74.23445024832353
233	64.56370161260007	0.6456370161260007	15.366807024262004	307.3361404852401	48.79625422370666	48.79625422370666	74.25299765602834
234	64.55855095819504	0.6455855095819504	15.373860822265106	307.47721644530213	48.81743103194574	48.81743103194574	74.28892888864011
235	64.55914459717945	0.6455914459717945	15.372808536829478	307.45617073658957	48.81235319407424	48.81235319407424	74.28327614125482
236	64.5566991746859	0.645566991746859	15.35768931322464	307.1537862644928	48.8159907423928	48.8159907423928	74.22137920934007
237	64.55940346373535	0.6455940346373535	15.367326453929557	307.3465290785912	48.812581524309465	48.812581524309465	74.26089866034525
238	64.56034362899074	0.6456034362899074	15.363706696650075	307.2741339330015	48.81150666268317	48.81150666268317	74.24498996121974
239	64.56275881604631	0.6456275881604632	15.36572290279661	307.3144580559322	48.81026376735302	48.81026376735302	74.25304931144886
240	64.5605928742084	0.645605928742084	15.37552082986724	307.5104165973448	48.80745165217637	48.80745165217637	74.29230026291134
241	64.56349142251064	0.6456349142251064	15.376198481534068	307.52396963068134	48.80918868611897	48.80918868611897	74.2959096696095
242	64.56272748930682	0.6456272748930683	15.36526753479046	307.3053506958092	48.819117796013956	48.819117796013956	74.25360040877032
243	64.56037028406953	0.6456037028406953	15.365218495548175	307.3043699109635	48.8105597205726	48.8105597205726	74.25028766988198
244	64.56267256526513	0.6456267256526513	15.372899459860522	307.45798919721045	48.80636993900274	48.80636993900274	74.2810977383799
245	64.56381303475209	0.6456381303475209	15.371254877917195	307.4250975583439	48.81279996633661	48.81279996633661	74.2768313800039
246	64.5626306949598	0.645626306949598	15.36754932386827	307.3509864773654	48.80057681259115	48.80057681259115	74.25737576392244
247	64.56645170894559	0.6456645170894559	15.37527410371673	307.5054820743346	48.812899181029884	48.812899181029884	74.29307104424414
248	64.56491024847024	0.6456491024847024	15.375289556168426	307.5057911233685	48.803406669319926	48.803406669319926	74.28953889748311
249	64.5703073961825	0.645703073961825	15.366362433347275	307.3272486669455	48.801928714359626	48.801928714359626	74.25266319965714
250	64.56306558296383	0.6456306558296383	15.361328124065322	307.2265624813064	48.812099814935934	48.812099814935934	74.23464641090688
251	64.56790955919283	0.6456790955919283	15.364385210770386	307.28770421540776	48.80643294464959	48.80643294464959	74.2456954578319
252	64.56438012992105	0.6456438012992105	15.373489658793016	307.46979317586033	48.79984920765129	48.79984920765129	74.28079717350151
253	64.5716160588969	0.645716160588969	15.359785038906164	307.1957007781233	48.79580475982539	48.79580475982539	74.22331917916486
254	64.56364897528418	0.6456364897528418	15.362304407764219	307.2460881552844	48.8086844357172	48.8086844357172	74.23780551710992
255	64.56403319275202	0.6456403319275202	15.370268407034294	307.4053681406859	48.8122674896109	48.8122674896109	74.27162148355124
256	64.57318726343243	0.6457318726343243	15.35663152626246	307.13263052524917	48.808448716096684	48.808448716096684	74.21389532296118
257	64.56923381335538	0.6456923381335539	15.362475247673585	307.24950495347167	48.813343625010134	48.813343625010134	74.23962456815259
258	64.57396682366192	0.6457396682366192	15.361189645810112	307.2237929162022	48.81402600115059	48.81402600115059	74.23429795521564
259	64.56787384416873	0.6456787384416873	15.37319926206621	307.4639852413242	48.80865758327666	48.80865758327666	74.28200314497987
260	64.57116620844539	0.645711662084454	15.361835294739972	307.23670589479946	48.805240912176565	48.805240912176565	74.2342418844422
261	64.5722254254776	0.645722254254776	15.367822519815485	307.3564503963097	48.79645240990384	48.79645240990384	74.25664103961611
262	64.57025791455025	0.6457025791455026	15.362819804319614	307.2563960863923	48.80111413461634	48.80111413461634	74.23668621457632
263	64.57517396345989	0.6457517396345989	15.366492399438258	307.32984798876515	48.798080637251594	48.798080637251594	74.25112279377355
264	64.57444892643356	0.6457444892643356	15.359486530370475	307.1897306074095	48.80462924046201	48.80462924046201	74.22452497641166
265	64.5793753971935	0.6457937539719351	15.369786001769082	307.39572003538166	48.80181677669996	48.80181677669996	74.265796548061
266	64.57764656266087	0.6457764656266087	15.362036948767258	307.24073897534515	48.801961024729195	48.801961024729195	74.2335993078938
267	64.57636011904347	0.6457636011904347	15.370496725534396	307.40993451068795	48.814920035246686	48.814920035246686	74.27307107361214
268	64.57497055709793	0.6457497055709793	15.363514586861772	307.2702917372354	48.80111055812066	48.80111055812066	74.23986438905565
269	64.57537142816705	0.6457537142816705	15.358792918838992	307.17585837677984	48.80468046315902	48.80468046315902	74.22049461661365
270	64.58093844450067	0.6458093844450068	15.370912819856347	307.4182563971269	48.80012506731785	48.80012506731785	74.26959690301513
271	64.58116369795685	0.6458116369795686	15.365231364849928	307.30462729699855	48.813442116806335	48.813442116806335	74.25052102838073
272	64.58019614545455	0.6458019614545455	15.364378489480172	307.2875697896034	48.80146740830117	48.80146740830117	74.24318693543064
273	64.57816327990885	0.6457816327990885	15.37066518285547	307.4133036571094	48.810304293339925	48.810304293339925	74.27186403437899
274	64.58050437674223	0.6458050437674223	15.361252792495005	307.2250558499001	48.80232479302642	48.80232479302642	74.23016986926403
275	64.58202071372268	0.6458202071372269	15.366630420632486	307.33260841264973	48.801055196076305	48.801055196076305	74.25201011619927
276	64.58295634193516	0.6458295634193516	15.363818882628376	307.27637765256753	48.80671131676681	48.80671131676681	74.24227533352469
277	64.5809850484038	0.645809850484038	15.364320641566795	307.2864128313359	48.81559097650306	48.81559097650306	74.24745076472183
278	64.58233732847056	0.6458233732847056	15.365453097883695	307.30906195767386	48.80671678117215	48.80671678117215	74.24920721986942
279	64.58272176453988	0.6458272176453989	15.37208435657681	307.4416871315362	48.81044691438202	48.81044691438202	74.27748024465217
280	64.58799109995827	0.6458799109995828	15.37216381006941	307.4432762013882	48.8081646821669	48.8081646821669	74.27749770979426
281	64.58531684117861	0.6458531684117861	15.362811524106036	307.2562304821207	48.80970217156238	48.80970217156238	74.23858727398373
282	64.58894278573192	0.6458894278573192	15.370178801936488	307.40357603872974	48.814419378178386	48.814419378178386	74.27056830570181
283	64.58026255518563	0.6458026255518563	15.372611908773173	307.45223817546344	48.80108558056445	48.80108558056445	74.27627388880632
284	64.58188373337373	0.6458188373337374	15.372007413076185	307.4401482615237	48.80567375997291	48.80567375997291	74.2755137022274
285	64.5894804121762	0.645894804121762	15.368389771107804	307.36779542215606	48.80963424074941	48.80963424074941	74.262051297422
286	64.58827682107776	0.6458827682107776	15.373489211553835	307.4697842310767	48.80453875802846	48.80453875802846	74.28090501858658
287	64.59023026342669	0.645902302634267	15.36585045678268	307.31700913565356	48.80045866738525	48.80045866738525	74.24786272425692
288	64.59340655476716	0.6459340655476716	15.36430919296622	307.2861838593244	48.79189832573229	48.79189832573229	74.2388218476764
289	64.58831870204335	0.6458831870204336	15.361596768819084	307.23193537638167	48.82028511720241	48.82028511720241	74.23654050357237
290	64.59592796562781	0.6459592796562781	15.36969924649741	307.3939849299482	48.80897516201689	48.80897516201689	74.26615555440218
291	64.59105072217152	0.6459105072217152	15.359628076636387	307.1925615327277	48.81451577981688	48.81451577981688	74.22635372687428
292	64.59460967652493	0.6459460967652493	15.361305782609728	307.22611565219455	48.80703173808104	48.80703173808104	74.23138138738439
293	64.59440862421539	0.6459440862421539	15.371784063855687	307.43568127711376	48.80906114276049	48.80906114276049	74.27504954265454
294	64.5929962787924	0.645929962787924	15.361367451562817	307.2273490312563	48.810172510294116	48.810172510294116	74.23187923846803
295	64.59643359007006	0.6459643359007007	15.368141279728574	307.36282559457146	48.80294176010669	48.80294176010669	74.25808002314855
296	64.59848291188996	0.6459848291188997	15.361072194488315	307.2214438897663	48.812326965094016	48.812326965094016	74.23229468780418
297	64.59611752138358	0.6459611752138358	15.364325983594918	307.28651967189836	48.81322279570292	48.81322279570292	74.24505313619635
298	64.59758062999445	0.6459758062999446	15.365005676987137	307.3001135397427	48.80911441681516	48.80911441681516	74.24671165142253
299	64.59696164484487	0.6459696164484486	15.363925241749074	307.2785048349815	48.80124929896839	48.80124929896839	74.23944428082214
300	64.59810810805881	0.6459810810805882	15.362476165076394	307.2495233015279	48.814760616738994	48.814760616738994	74.23775104766095
301	64.60062805387602	0.6460062805387602	15.352003190118543	307.04006380237087	48.80016331465443	48.80016331465443	74.18962719146548
302	64.59688661032504	0.6459688661032504	15.361609816055429	307.2321963211086	48.80042965589872	48.80042965589872	74.22991232692344
303	64.60014801870781	0.6460014801870781	15.35926523154358	307.1853046308716	48.809223181641514	48.809223181641514	74.22249336089371
304	64.6045953330979	0.646045953330979	15.363098344046596	307.26196688093194	48.8099631606289	48.8099631606289	74.23859305140799
305	64.60271748370972	0.6460271748370973	15.354973167178764	307.0994633435753	48.806211084925586	48.806211084925586	74.20377158246865
306	64.60483103354993	0.6460483103354993	15.37268447048425	307.453689409685	48.81013028067102	48.81013028067102	74.27812487707575
307	64.60776418776604	0.6460776418776604	15.36381603554086	307.27632071081723	48.81391207235643	48.81391207235643	74.24249186236617
308	64.60542085280372	0.6460542085280372	15.363331463803519	307.2666292760704	48.80966199112422	48.80966199112422	74.23914955602959
309	64.60768811759701	0.6460768811759701	15.370001252687517	307.40002505375037	48.813338149813276	48.813338149813276	74.26799256546178
310	64.612759866449	0.64612759866449	15.365818681782462	307.31637363564926	48.81290973494564	48.81290973494564	74.25102301607933
311	64.61012207818185	0.6461012207818184	15.368468446128055	307.3693689225611	48.808873352597566	48.808873352597566	74.26025423977093
312	64.61267186783658	0.6461267186783658	15.360154027322356	307.2030805464471	48.79851943868401	48.79851943868401	74.22240866766028
313	64.60837803574897	0.6460837803574897	15.370418044911734	307.40836089823466	48.82264856863808	48.82264856863808	74.27237217975164
314	64.61337589809474	0.6461337589809475	15.37452777787339	307.4905555574678	48.80535585552309	48.80535585552309	74.28443813957196
315	64.61333611851171	0.6461333611851171	15.370010570932317	307.40021141864634	48.810855890731865	48.810855890731865	74.26637411254542
316	64.6126426179716	0.646126426179716	15.372625827226557	307.45251654453114	48.809008752508014	48.809008752508014	74.2772655430009
317	64.61297195801609	0.6461297195801609	15.372773807056632	307.45547614113264	48.813013317826446	48.813013317826446	74.27871680248076
318	64.61738149751264	0.6461738149751264	15.36153315852676	307.2306631705352	48.80824214958109	48.80824214958109	74.23043003407437
319	64.61572689169124	0.6461572689169124	15.370324395764312	307.4064879152862	48.81152882545782	48.81152882545782	74.2681252467353
320	64.62038704075495	0.6462038704075495	15.364141560380933	307.28283120761864	48.81321197255766	48.81321197255766	74.24312825340608
321	64.61650182309803	0.6461650182309804	15.368955175515783	307.37910351031564	48.80942547782095	48.80942547782095	74.2617276401744
322	64.62494038691854	0.6462494038691854	15.36938304339936	307.38766086798717	48.8138208008892	48.8138208008892	74.26416116861722
323	64.61828087305534	0.6461828087305534	15.363888273587689	307.27776547175375	48.81521121413066	48.81521121413066	74.2426152544166
324	64.62376719574718	0.6462376719574718	15.364747852942973	307.29495705885944	48.803778996650216	48.803778996650216	74.24200152437305
325	64.6262873532439	0.6462628735324389	15.360609297746441	307.2121859549288	48.814230224303074	48.814230224303074	74.22807615316655
326	64.62694012724063	0.6462694012724063	15.371009756453804	307.4201951290761	48.813591892464075	48.813591892464075	74.27072535636373
327	64.62658848775467	0.6462658848775468	15.369738816485171	307.3947763297034	48.815442117651365	48.815442117651365	74.26598147150041
328	64.6302858147957	0.646302858147957	15.361958570657793	307.2391714131559	48.808065044328856	48.808065044328856	74.23178574180834
329	64.6275871544146	0.646275871544146	15.36866920139834	307.37338402796684	48.82365840824659	48.82365840824659	74.2644157156387
330	64.63075834553348	0.6463075834553348	15.370057088181701	307.40114176363403	48.80834460469342	48.80834460469342	74.2644754768087
331	64.63817119313447	0.6463817119313447	15.360238094608107	307.20476189216214	48.79994487724334	48.79994487724334	74.2214161155484
332	64.6362927630082	0.646362927630082	15.360782625114538	307.21565250229077	48.81615204010451	48.81615204010451	74.22846499901964
333	64.63569648075388	0.6463569648075388	15.364219455338372	307.28438910676743	48.81227860142468	48.81227860142468	74.24161830036911
334	64.63285591283301	0.6463285591283301	15.371455533750515	307.4291106750103	48.80646388983952	48.80646388983952	74.26972657617866
335	64.63975215277716	0.6463975215277716	15.362563333631744	307.25126667263487	48.82185979822859	48.82185979822859	74.23748441332111
336	64.64078753004092	0.6464078753004092	15.357801794493326	307.15603588986653	48.8049118454124	48.8049118454124	74.21269233748063
337	64.6425311618734	0.6464253116187341	15.37027441140451	307.40548822809023	48.803129929416535	48.803129929416535	74.26356627431707
338	64.6390047591301	0.646390047591301	15.366892055935962	307.3378411187192	48.80734844377679	48.80734844377679	74.24998079540923
339	64.64208456309888	0.6464208456309888	15.36765493553026	307.3530987106052	48.815370803507435	48.815370803507435	74.25682412856911
340	64.64550221915701	0.6464550221915701	15.367852166958016	307.3570433391603	48.81383369264702	48.81383369264702	74.2567669215772
341	64.6455638341654	0.646455638341654	15.368301815387184	307.3660363077437	48.80689581139628	48.80689581139628	74.256465226552
342	64.65073647427852	0.6465073647427851	15.370270224338551	307.40540448677103	48.81010812266707	48.81010812266707	74.26556456121125
343	64.65002232969825	0.6465002232969824	15.368520815099881	307.37041630199764	48.813881215451026	48.813881215451026	74.2594542958707
344	64.6510720580104	0.6465107205801041	15.361137186055212	307.2227437211042	48.817371992670196	48.817371992670196	74.2293168454446
345	64.65785047878818	0.6465785047878818	15.354144968632987	307.08289937265977	48.80941865689964	48.80941865689964	74.19826364736366
346	64.65319172325329	0.6465319172325329	15.372403658786958	307.4480731757392	48.81097048595127	48.81097048595127	74.27396558987424
347	64.65474343649208	0.6465474343649208	15.358461520901885	307.1692304180377	48.81559248609181	48.81559248609181	74.21794847625226
348	64.65294953225346	0.6465294953225346	15.370744593286318	307.41489186572636	48.80860896558893	48.80860896558893	74.2665100788674
349	64.65839386452522	0.6465839386452522	15.358470240460225	307.1694048092045	48.803966407927255	48.803966407927255	74.2134059339894
350	64.66017362506221	0.6466017362506221	15.351335508031662	307.02671016063323	48.813040534984395	48.813040534984395	74.18713679398377
351	64.65886858625625	0.6465886858625625	15.366501840220156	307.3300368044031	48.805476420104576	48.805476420104576	74.24752506292192
352	64.66174346843154	0.6466174346843154	15.358824296746691	307.17648593493385	48.821371158629226	48.821371158629226	74.22047063839345
353	64.66743273600039	0.646674327360004	15.367966261442135	307.3593252288427	48.816926369556576	48.816926369556576	74.25674441764389
354	64.67017818098896	0.6467017818098896	15.366577945605409	307.33155891210816	48.80990595426163	48.80990595426163	74.24845009410183
355	64.67277492047135	0.6467277492047135	15.357927544863731	307.1585508972746	48.811169895069476	48.811169895069476	74.21345536955363
356	64.67612424535426	0.6467612424535426	15.36015897600778	307.2031795201556	48.80734544860727	48.80734544860727	74.22098163069829
357	64.66985626859544	0.6466985626859544	15.365187541429433	307.30375082858865	48.81726240322696	48.81726240322696	74.24531554517324
358	64.67221002437982	0.6467221002437983	15.36209045810546	307.2418091621092	48.81170147064469	48.81170147064469	74.2301223021269
359	64.67747209114358	0.6467747209114358	15.370999704457923	307.4199940891584	48.81006921336047	48.81006921336047	74.26646153053689
360	64.67718487302653	0.6467718487302654	15.358870120370591	307.1774024074118	48.810613956221715	48.810613956221715	74.2163176737641
361	64.68383788214187	0.6468383788214187	15.363863234248912	307.27726468497826	48.81045832316779	48.81045832316779	74.236788753134
362	64.67526999646435	0.6467526999646436	15.367708579103546	307.35417158207093	48.81236864137074	48.81236864137074	74.2532119669829
363	64.68473988172609	0.6468473988172609	15.35604924461843	307.1209848923686	48.80362695016583	48.80362695016583	74.20218112820808
364	64.683721509322	0.64683721509322	15.359042420921607	307.18084841843216	48.81426748232985	48.81426748232985	74.21805259263263
365	64.68303982137891	0.6468303982137892	15.356045966246352	307.12091932492706	48.82175835144739	48.82175835144739	74.20825161338794
366	64.68581844471797	0.6468581844471797	15.365514902212892	307.3102980442578	48.80984669946079	48.80984669946079	74.24287986383911
367	64.68868077039774	0.6468868077039774	15.368744490002456	307.3748898000491	48.81407393600308	48.81407393600308	74.25757227079478
368	64.6874455520614	0.6468744555206141	15.363995106897885	307.2799021379577	48.8201461360629	48.8201461360629	74.23997911766827
369	64.69571871473894	0.6469571871473895	15.365292752703049	307.305855054061	48.80897259697001	48.80897259697001	74.24124987162395
370	64.69759747514578	0.6469759747514578	15.359144099329527	307.18288198659053	48.81745261811914	48.81745261811914	74.21843287533878
371	64.70003820805485	0.6470003820805486	15.363428888931153	307.26857777862307	48.80806505531779	48.80806505531779	74.23296644277389
372	64.69971096797056	0.6469971096797056	15.367175309600183	307.34350619200364	48.81928995961881	48.81928995961881	74.25191028176597
373	64.70324758251847	0.6470324758251847	15.369056594089633	307.38113188179267	48.800958951348754	48.800958951348754	74.25360366130404
374	64.70674590280457	0.6470674590280457	15.369164337903007	307.38328675806014	48.80974420640093	48.80974420640093	74.25777875868987
375	64.70202172775159	0.6470202172775159	15.360682796692283	307.21365593384564	48.823847080216446	48.823847080216446	74.22635282196072
376	64.70696021948312	0.6470696021948312	15.365112941972804	307.30225883945604	48.815124156602444	48.815124156602444	74.24222241791031
377	64.705998423953	0.64705998423953	15.355695021151245	307.1139004230249	48.81441480965383	48.81441480965383	74.2025995112336
378	64.71006966392575	0.6471006966392575	15.369710076456961	307.3942015291392	48.81874232947945	48.81874232947945	74.26196537486541
379	64.71571437373565	0.6471571437373566	15.362967227764397	307.25934455528795	48.81800075035569	48.81800075035569	74.23398573252618
380	64.72179627844633	0.6472179627844633	15.360918452284505	307.2183690456901	48.813462472907325	48.813462472907325	74.22324517003607
381	64.71920611278034	0.6471920611278035	15.36359865128666	307.2719730257332	48.812023108146896	48.812023108146896	74.23441455980945
382	64.72008892694015	0.6472008892694016	15.363745673739192	307.27491347478383	48.8142195006568	48.8142195006568	74.2350061305965
383	64.7214322936706	0.647214322936706	15.363206356420907	307.2641271284181	48.81318092494941	48.81318092494941	74.23209515067589
384	64.7238074430995	0.647238074430995	15.364425350006538	307.2885070001308	48.82077682921522	48.82077682921522	74.24015438453851
385	64.72562520352196	0.6472562520352196	15.361554424104401	307.231088482088	48.80762642834998	48.80762642834998	74.22327178366142
386	64.72606383386102	0.6472606383386103	15.361256270039684	307.2251254007937	48.80694048032252	48.80694048032252	74.2225069789423
387	64.72618877577875	0.6472618877577875	15.35974740818421	307.1949481636842	48.81434096453024	48.81434096453024	74.21839270171351
388	64.73231844245979	0.6473231844245979	15.355046325579867	307.1009265115973	48.82719152164751	48.82719152164751	74.20238680267902
389	64.736159568968	0.6473615956896801	15.365507434897204	307.3101486979441	48.8116704570463	48.8116704570463	74.24050795225315
390	64.74056688615526	0.6474056688615527	15.366025829861012	307.32051659722026	48.820066879291915	48.820066879291915	74.24502328451142
391	64.73605476937934	0.6473605476937934	15.362761064079832	307.2552212815966	48.82435296625025	48.82435296625025	74.23299297165411
392	64.73972050733524	0.6473972050733524	15.368245839569445	307.3649167913889	48.81607983053488	48.81607983053488	74.25335265264069
393	64.7401420013819	0.647401420013819	15.355026741078799	307.100534821576	48.82380389210632	48.82380389210632	74.20100738810928
394	64.74346013468802	0.6474346013468802	15.369975335108903	307.39950670217803	48.81851967181294	48.81851967181294	74.26049090108768
395	64.7510532491884	0.6475105324918841	15.356867729783202	307.137354595664	48.80398506078961	48.80398506078961	74.20171172316599
396	64.75168430131069	0.6475168430131069	15.3588614312597	307.177228625194	48.81200626771088	48.81200626771088	74.21288642071113
397	64.7522265977309	0.647522265977309	15.359622977982857	307.19245955965715	48.81034531652117	48.81034531652117	74.21406667753189
398	64.7575761004893	0.647575761004893	15.357151309701715	307.1430261940343	48.81644865052652	48.81644865052652	74.2063862344342
399	64.76196581796738	0.6476196581796738	15.363302091873893	307.26604183747787	48.804070616829705	48.804070616829705	74.22755418052289
400	64.76353429053162	0.6476353429053162	15.366257495483215	307.3251499096643	48.823346697075635	48.823346697075635	74.24622404800617
401	64.76358231829848	0.6476358231829847	15.366593170196468	307.3318634039294	48.82404762879243	48.82404762879243	74.24698210018376
402	64.76745812809159	0.6476745812809159	15.37190896273195	307.438179254639	48.81167181182282	48.81167181182282	74.26548997959802
403	64.7668589399639	0.647668589399639	15.358645019119452	307.17290038238906	48.822849519532056	48.822849519532056	74.2142666415836
404	64.76764702908768	0.6476764702908768	15.354762364634993	307.09524729269987	48.817123570385604	48.817123570385604	74.19586412607698
405	64.77333402757282	0.6477333402757282	15.367712421892374	307.3542484378475	48.82087124809569	48.82087124809569	74.25083812507262
406	64.77309041942418	0.6477309041942418	15.365321519274596	307.3064303854919	48.8089756420193	48.8089756420193	74.23669912722235
407	64.78008013712399	0.6478008013712399	15.37099456395144	307.4198912790288	48.806979566887506	48.806979566887506	74.2593821167418
408	64.77950074807654	0.6477950074807655	15.359278584148562	307.1855716829713	48.81379252492792	48.81379252492792	74.21315912047751
409	64.78266795478753	0.6478266795478753	15.366967989017128	307.3393597803426	48.818718176586664	48.818718176586664	74.24649216487255
410	64.78768359575602	0.6478768359575602	15.355670259135573	307.11340518271146	48.82000398200607	48.82000398200607	74.19967684523428
411	64.78401102002393	0.6478401102002392	15.369315245390219	307.3863049078044	48.816042372935165	48.816042372935165	74.25491666330382
