#idx 	 atoms.symbols 	 etot  (Har) 	 ehf  (Har) 	 eccsd  (Har) 	 eccsdt  (Har) 
0 	 H2 	 -1.1723488865668197 	 -1.1329750380544201 	 -1.1723488865668197 	 0.0 
1 	 N2 	 -109.41916243018889 	 -108.98145828031507 	 -109.39987190497541 	 -0.01929052521347308 
2 	 LiF 	 -107.30594220504784 	 -106.97904009260687 	 -107.29740291900087 	 -0.008539286046969154 
3 	 CNH 	 -93.32175404633891 	 -92.90747111697674 	 -93.30314307963954 	 -0.018610966699363147 
4 	 CO2 	 -188.40175875056596 	 -187.7059365394702 	 -188.3718654590036 	 -0.029893291562370788 
5 	 Cl2 	 -919.5958911885615 	 -918.9833433013613 	 -919.5753743043423 	 -0.020516884219198502 
6 	 C 	 -37.79908296667826 	 -37.690252507420496 	 -37.79681847880301 	 -0.002264487875248442 
7 	 Cl 	 -459.7548399975842 	 -459.4771934240403 	 -459.7480187483304 	 -0.006821249253766944 
8 	 F 	 -99.6409037077016 	 -99.40180901601866 	 -99.6367073227457 	 -0.0041963849558845695 
9 	 H 	 -0.4998179156304198 	 -0.4998179156304198 	 -0.4998179156304198 	 None 
10 	 Li 	 -7.447596712081988 	 -7.4320268848314415 	 -7.4475794512211 	 -1.7260860888329144e-05 
11 	 N 	 -54.53396413910464 	 -54.398892478974204 	 -54.53145416215018 	 -0.002509976954454131 
12 	 O 	 -74.9941612045406 	 -74.80934013429186 	 -74.99083919612062 	 -0.003322008419985802 
