#	Epoch	E	E*lambda_E	rho	rho*lambda_rho	ae	ae*lambda_ae	total
0	31.455295508494636	0.31455295508494635	15.244749578185857	304.89499156371716	54.64537850206239	54.64537850206239	77.92238697544943
1	32.91125692279432	0.32911256922794324	15.239667818075814	304.79335636151626	54.59429477510696	54.59429477510696	77.8731161967941
2	36.16518233812286	0.36165182338122864	15.214560392372164	304.2912078474433	53.93407946050478	53.93407946050478	77.4892816040301
3	38.69389774207681	0.3869389774207681	15.192036116245905	303.8407223249181	53.080459973369024	53.080459973369024	77.06084839940962
4	41.599116195325166	0.4159911619532517	15.157821647108264	303.1564329421653	52.308270456490845	52.308270456490845	76.62866807558052
5	44.865360041553245	0.4486536004155325	15.13662485303404	302.73249706068077	51.542824167542165	51.542824167542165	76.23371569017968
6	47.035609345419495	0.47035609345419493	15.106927999438039	302.1385599887608	50.89074380485599	50.89074380485599	75.8363654056503
7	52.038490426436894	0.5203849042643689	15.061779895716564	301.23559791433127	50.64715773570298	50.64715773570298	75.44321022532935
8	50.96761111616687	0.5096761111616688	15.072317060099778	301.44634120199555	50.048361764321875	50.048361764321875	75.3475294875817
9	46.61006020219449	0.4661006020219449	15.068792186287526	301.37584372575054	50.18211821365838	50.18211821365838	75.4185100864178
10	46.38423960685009	0.46384239606850086	15.064971963848519	301.29943927697036	50.18750775374605	50.18750775374605	75.40866635185412
11	46.38845300275618	0.4638845300275618	15.08002051965821	301.6004103931642	50.19260586579496	50.19260586579496	75.4695963156627
12	46.41089837865509	0.4641089837865509	15.071259954027655	301.4251990805531	50.171939922904265	50.171939922904265	75.42569251648845
13	46.43997999156653	0.4643997999156653	15.077262421024143	301.54524842048284	50.12741676889254	50.12741676889254	75.43355584906521
14	46.44064882448969	0.46440648824489694	15.067218710406273	301.3443742081255	50.125798891893055	50.125798891893055	75.39120007213555
15	46.48341301738678	0.4648341301738678	15.078103699836479	301.56207399672957	50.10217040816682	50.10217040816682	75.42538325953545
16	46.503953872718384	0.46503953872718384	15.07302934886553	301.4605869773106	50.1069052599475	50.1069052599475	75.40363737443371
17	46.52471563147863	0.4652471563147863	15.07334525141094	301.4669050282188	50.06748864288441	50.06748864288441	75.39044101081664
18	46.53549637808162	0.4653549637808162	15.073721933080815	301.4744386616163	50.05857733439126	50.05857733439126	75.38798546507225
19	46.56572380821559	0.46565723808215587	15.05796168445006	301.1592336890012	50.04857785758385	50.04857785758385	75.31932097674405
20	46.61694814341964	0.4661694814341964	15.066206541486471	301.3241308297294	50.01714331821407	50.01714331821407	75.33925100245719
21	46.62974194407904	0.46629741944079045	15.055803419096572	301.1160683819314	49.9893504003776	49.9893504003776	75.28629379752716
22	46.6537026535556	0.466537026535556	15.065521539974476	301.3104307994895	49.98989191082169	49.98989191082169	75.32351467072198
23	46.68868544686346	0.4668868544686346	15.057325226564865	301.1465045312973	49.97372817927227	49.97372817927227	75.28206711680248
24	46.71040113209586	0.46710401132095863	15.069949151526991	301.39898303053985	49.936077648568656	49.936077648568656	75.31860013176474
25	46.72500168404203	0.4672500168404203	15.06498009514808	301.2996019029616	49.92841739214243	49.92841739214243	75.29347921009847
26	46.78373239759315	0.4678373239759315	15.048951817661948	300.97903635323894	49.908391510129796	49.908391510129796	75.22086253380205
27	46.81902148161495	0.46819021481614953	15.060694705134031	301.2138941026806	49.89589191779578	49.89589191779578	75.25983717380711
28	46.846441572075975	0.46846441572075975	15.058670584424986	301.1734116884997	49.848529251291424	49.848529251291424	75.23394454873336
29	46.8911883136417	0.468911883136417	15.049814024590722	300.99628049181445	49.84849652474914	49.84849652474914	75.19554290891152
30	46.91597238949297	0.4691597238949297	15.045154139845021	300.90308279690043	49.82445285758273	49.82445285758273	75.16525202348598
31	46.93574634324662	0.4693574634324662	15.060414942998074	301.2082988599615	49.8044153776601	49.8044153776601	75.21830536191872
32	46.98974392122409	0.4698974392122409	15.058145044701169	301.1629008940234	49.79435824110808	49.79435824110808	75.20297231053033
33	47.01291229244436	0.47012912292444364	15.03937960471696	300.7875920943392	49.74842826490925	49.74842826490925	75.10965815069375
34	47.05780151839008	0.4705780151839008	15.053673961513603	301.073479230272	49.73114713342437	49.73114713342437	75.15691423629582
35	47.08217251154159	0.4708217251154159	15.045497610650447	300.9099522130089	49.70518385785392	49.70518385785392	75.11384194965329
36	47.13811925252763	0.4713811925252763	15.038129968986105	300.76259937972213	49.68836334876827	49.68836334876827	75.07586239937898
37	47.17244246472377	0.47172442464723774	15.050298116395876	301.00596232791753	49.64830640186698	49.64830640186698	75.1070911450015
38	47.214105483002974	0.47214105483002977	15.036862448987062	300.73724897974125	49.63623157338596	49.63623157338596	75.04595739642019
39	47.24718391787253	0.4724718391787253	15.031959556970026	300.6391911394005	49.62109900124866	49.62109900124866	75.01716589840349
40	47.290917389709044	0.4729091738970905	15.049080949982429	300.98161899964856	49.582721837450734	49.582721837450734	75.06950546670113
41	47.361118491280386	0.47361118491280385	15.02828834691328	300.5657669382656	49.579656546999246	49.579656546999246	74.98074924385051
42	47.377537203494335	0.47377537203494335	15.044060128146404	300.8812025629281	49.53904098125409	49.53904098125409	75.02876528662593
43	47.410253136198754	0.47410253136198754	15.037600621418141	300.75201242836283	49.50887656836565	49.50887656836565	74.98934799368402
44	47.478836386155244	0.47478836386155243	15.039397822857328	300.78795645714655	49.480042401782704	49.480042401782704	74.9835183227869
45	47.51472303443566	0.47514723034435663	15.035067315007694	300.7013463001539	49.46113718598075	49.46113718598075	74.95678208898718
46	47.57935457911166	0.4757935457911166	15.018970496862398	300.37940993724794	49.44161555274789	49.44161555274789	74.88051864426261
47	47.59527032403617	0.4759527032403617	15.028841797708063	300.57683595416125	49.427354618740296	49.427354618740296	74.91203078497372
48	47.64039793768062	0.4764039793768062	15.029019342512129	300.5803868502426	49.37882731474476	49.37882731474476	74.89115287047544
49	47.74396469022435	0.47743964690224355	15.017015583266089	300.3403116653218	49.37199259580182	49.37199259580182	74.83622392745607
50	47.8119292300916	0.478119292300916	15.032271996561649	300.645439931233	49.33767099940965	49.33767099940965	74.88123955291553
51	47.82489278963581	0.47824892789635814	15.028642597994027	300.57285195988055	49.31905397205376	49.31905397205376	74.85546853865989
52	47.91161014547615	0.4791161014547615	15.020811625369252	300.416232507385	49.297305230644255	49.297305230644255	74.81252853275761
53	47.91716232552551	0.4791716232552551	15.025413621651875	300.5082724330375	49.252793628852636	49.252793628852636	74.81424453152049
54	47.98161801267679	0.4798161801267679	15.02450573077838	300.49011461556756	49.242131844636965	49.242131844636965	74.80084757028044
55	48.027233363897764	0.48027233363897764	15.018691814153513	300.37383628307026	49.20916772311167	49.20916772311167	74.76333882135417
56	48.09347901669104	0.48093479016691043	15.00526734525938	300.1053469051876	49.19786286059465	49.19786286059465	74.69867936427501
57	48.124158882544585	0.4812415888254459	15.007027470318594	300.14054940637186	49.173508575842334	49.173508575842334	74.69476981990042
58	48.193039620805536	0.4819303962080554	15.014943874857765	300.29887749715533	49.12075453245206	49.12075453245206	74.70593209766265
59	48.23185060975378	0.4823185060975378	15.006841219206652	300.13682438413304	49.12092844307741	49.12092844307741	74.66592798958908
60	48.318709947960976	0.48318709947960975	14.998370528302434	299.96741056604867	49.09491101292115	49.09491101292115	74.61686873938473
61	48.362508094761566	0.4836250809476157	15.006997178614613	300.1399435722923	49.07190626506393	49.07190626506393	74.63870864655527
62	48.44613457820148	0.48446134578201483	15.010576619627107	300.21153239254215	49.03582752942351	49.03582752942351	74.63671538859614
63	48.481901499101895	0.484819014991019	15.008328558826804	300.1665711765361	48.99928955346136	48.99928955346136	74.61035383866349
64	48.58270234478752	0.4858270234478752	15.001483523041923	300.0296704608385	48.97851685312155	48.97851685312155	74.56936092275782
65	48.63403227702277	0.4863403227702277	14.995069915700768	299.90139831401535	48.95047328038868	48.95047328038868	74.53020085810951
66	48.67186646800795	0.4867186646800795	14.995953189696856	299.9190637939371	48.90855449623725	48.90855449623725	74.51484683289003
67	48.74309147480398	0.48743091474803985	14.9844102724348	299.688205448696	48.91335356999273	48.91335356999273	74.46069721627956
68	48.77722898163135	0.48777228981631354	14.994062017749913	299.8812403549983	48.85446743894981	48.85446743894981	74.47871780783157
69	48.86842720337033	0.4886842720337033	14.990755709356376	299.8151141871275	48.85765384126654	48.85765384126654	74.45763772385168
70	48.94924592935028	0.4894924592935028	14.9934999435624	299.869998871248	48.82431989854959	48.82431989854959	74.45131701661339
71	48.97789948504502	0.48977899485045023	14.985079340574366	299.70158681148735	48.78569299184861	48.78569299184861	74.40087944424508
72	49.01364627179978	0.4901364627179978	14.984528997568368	299.69057995136734	48.76640444360155	48.76640444360155	74.38606012812376
73	49.115887050900994	0.49115887050900997	14.966303407809992	299.3260681561998	48.73654287987413	48.73654287987413	74.2955859765077
74	49.165428991535606	0.4916542899153561	14.969327087582077	299.3865417516415	48.7016925270192	48.7016925270192	74.29064835731967
75	49.28837174869858	0.49288371748698584	14.964408500045765	299.28817000091533	48.68977092534952	48.68977092534952	74.25844374011217
76	49.33591253213526	0.4933591253213526	14.963158322078797	299.26316644157595	48.645584860473555	48.645584860473555	74.23411221458066
77	49.44852202765352	0.4944852202765352	14.969907829341057	299.39815658682113	48.640068938740356	48.640068938740356	74.25339073459229
78	49.51563254660507	0.4951563254660507	14.965551359805534	299.3110271961107	48.61542846447632	48.61542846447632	74.21477431434766
79	49.59140556263912	0.4959140556263912	14.955065957264942	299.1013191452988	48.588928416592715	48.588928416592715	74.15802558984755
80	49.691674081961494	0.49691674081961495	14.971978183291027	299.4395636658205	48.55511815525107	48.55511815525107	74.20842335640546
81	49.70241073589195	0.49702410735891955	14.966869170600098	299.33738341200194	48.52200920917718	48.52200920917718	74.17293409864618
82	49.74936076959349	0.49749360769593487	14.960654765217894	299.21309530435786	48.509049778234605	48.509049778234605	74.13623344192723
83	49.85463492692646	0.4985463492692646	14.94599961206044	298.9199922412088	48.46207007516169	48.46207007516169	74.05410437207941
84	49.92099872087501	0.49920998720875015	14.943422321391036	298.86844642782074	48.44892920172746	48.44892920172746	74.03049621453857
85	50.01749935306021	0.5001749935306021	14.957646049729231	299.15292099458463	48.40812734375026	48.40812734375026	74.06736083518825
86	50.10402990721521	0.5010402990721521	14.95499178613823	299.0998357227646	48.39659084159319	48.39659084159319	74.04342738046516
87	50.221795372894015	0.5022179537289402	14.953060446827813	299.0612089365562	48.40225227146577	48.40225227146577	74.02692861200941
88	50.317990736503354	0.5031799073650336	14.945747262180408	298.91494524360814	48.34583175226254	48.34583175226254	73.97090884025722
89	50.392283715460295	0.503922837154603	14.94853814480945	298.970762896189	48.336490664929684	48.336490664929684	73.97042624444882
90	50.4675605637082	0.504675605637082	14.939260253806552	298.78520507613104	48.31219688553535	48.31219688553535	73.92040885513002
91	50.581828828943436	0.5058182882894344	14.924326285581534	298.4865257116307	48.279840476868145	48.279840476868145	73.83959971860226
92	50.69642762605662	0.5069642762605662	14.935549669126322	298.71099338252645	48.29172143850139	48.29172143850139	73.87661891688933
93	50.7437474507068	0.507437474507068	14.922846537406343	298.45693074812687	48.23177857831777	48.23177857831777	73.80255298673947
94	50.80852900797204	0.5080852900797204	14.931933451708012	298.6386690341602	48.19601959988313	48.19601959988313	73.816989077767
95	50.9975939601401	0.509975939601401	14.932879317078143	298.6575863415629	48.20930189711405	48.20930189711405	73.80969648981971
96	51.061823010400005	0.5106182301040001	14.901935758648646	298.0387151729729	48.162408195093874	48.162408195093874	73.6659456449074
97	51.247329585177845	0.5124732958517785	14.905987924457298	298.11975848914597	48.15673409851307	48.15673409851307	73.66940997104844
98	51.270987202326566	0.5127098720232657	14.899054749066293	297.98109498132584	48.10563197571265	48.10563197571265	73.61680538032857
99	51.44874266783298	0.5144874266783298	14.900283319156271	298.0056663831254	48.09906105109717	48.09906105109717	73.60693318730345
100	51.590906392693135	0.5159090639269314	14.91203984183919	298.24079683678383	48.08384258377082	48.08384258377082	73.636538932392
101	51.65408900389051	0.5165408900389051	14.895598939638592	297.91197879277183	48.05524677174277	48.05524677174277	73.55411874062403
102	51.7742127596688	0.517742127596688	14.907085654216827	298.1417130843365	48.02413612264693	48.02413612264693	73.58148518313997
103	51.84076631672137	0.5184076631672138	14.910200622732145	298.2040124546429	48.000193335257926	48.000193335257926	73.57626020962378
104	51.886460377303706	0.5188646037730371	14.896818402875926	297.9363680575185	47.987339963322974	47.987339963322974	73.50828581322129
105	51.99768693964195	0.5199768693964195	14.901302767381598	298.02605534763194	47.96234183926409	47.96234183926409	73.50943841826779
106	52.13969318027995	0.5213969318027994	14.889127598561647	297.7825519712329	47.94278114884815	47.94278114884815	73.44013577292354
107	52.3509132376385	0.523509132376385	14.873656504531084	297.4731300906217	47.954008106460726	47.954008106460726	73.36273189085813
108	52.35526575211177	0.5235526575211177	14.867552244343589	297.35104488687176	47.91505280615436	47.91505280615436	73.31875842117402
109	52.40329802521073	0.5240329802521073	14.881883583214963	297.63767166429926	47.892186796748184	47.892186796748184	73.36133165423708
110	52.48422067923403	0.5248422067923403	14.862237741927746	297.2447548385549	47.8606891312028	47.8606891312028	73.26266799116718
111	52.61438084775482	0.5261438084775483	14.85707086511522	297.14141730230443	47.833160954308696	47.833160954308696	73.22350455904592
112	52.65680062797087	0.5265680062797087	14.870781880958324	297.4156376191665	47.82449799690077	47.82449799690077	73.26468368780147
113	52.84753078253134	0.5284753078253134	14.875096094608795	297.5019218921759	47.83882272735648	47.83882272735648	73.27402253789091
114	52.939164809951286	0.5293916480995129	14.865822270404358	297.31644540808713	47.79096960881775	47.79096960881775	73.2106528648561
115	53.62434123397531	0.5362434123397531	14.861448784305958	297.22897568611916	47.84688099970957	47.84688099970957	73.16879528551632
116	54.16313107733775	0.5416313107733776	14.856153938524484	297.12307877048966	47.76001021470821	47.76001021470821	73.10774836400434
117	54.43350499349723	0.5443350499349723	14.83320544481626	296.6641088963252	47.76049743991575	47.76049743991575	72.998300860176
118	54.05696881985634	0.5405696881985634	14.839060037070174	296.7812007414035	47.72486834267312	47.72486834267312	73.01706085525564
119	54.00252810157165	0.5400252810157165	14.863580590988343	297.27161181976686	47.73191331297324	47.73191331297324	73.10695473014277
120	54.19902657196978	0.5419902657196979	14.822735273108048	296.454705462161	47.749434020514435	47.749434020514435	72.92085097266317
121	54.70715717822783	0.5470715717822783	14.823024116211416	296.46048232422834	47.68466908761744	47.68466908761744	72.8872532942735
122	54.37733771440066	0.5437733771440066	14.841133992303575	296.82267984607154	47.66389702383766	47.66389702383766	72.95680104823333
123	54.296311813801125	0.5429631181380112	14.823527778097194	296.4705555619439	47.66180453252669	47.66180453252669	72.87668063520586
124	54.7747160863877	0.547747160863877	14.810371025635815	296.2074205127163	47.59351946979831	47.59351946979831	72.78149621116566
125	55.49285527590829	0.5549285527590829	14.793619382863548	295.87238765727096	47.66378734405487	47.66378734405487	72.70058888381328
126	55.80521170320438	0.5580521170320438	14.815883554709915	296.3176710941983	47.610316485002556	47.610316485002556	72.75140271074626
127	55.83476423977247	0.5583476423977247	14.802033093036442	296.04066186072885	47.57616920371432	47.57616920371432	72.67745700330426
128	55.93635222018833	0.5593635222018833	14.804042384253403	296.0808476850681	47.625893283018705	47.625893283018705	72.67808475207366
129	56.20551949057195	0.5620551949057195	14.786179254025548	295.72358508051093	47.54983505858237	47.54983505858237	72.5706639803052
130	56.41230240079204	0.5641230240079205	14.772963296889202	295.45926593778404	47.53959389479319	47.53959389479319	72.50034081255671
131	56.629151810194344	0.5662915181019434	14.798006817011727	295.96013634023456	47.53179425814834	47.53179425814834	72.58684278647077
132	56.57588644785086	0.5657588644785086	14.76415988245556	295.28319764911123	47.56294957713729	47.56294957713729	72.45073523163684
133	55.52635019122362	0.5552635019122362	14.77429900004098	295.4859800008196	47.506822903490225	47.506822903490225	72.49463811212118
134	55.646721479355534	0.5564672147935553	14.774887792326423	295.49775584652843	47.48433941004741	47.48433941004741	72.47401600964136
135	55.81659500974054	0.5581659500974054	14.773604745203315	295.4720949040663	47.50006168904422	47.50006168904422	72.46218671955752
136	54.48673087724444	0.5448673087724444	14.775170864607539	295.50341729215074	47.446253005409694	47.446253005409694	72.46215856023527
137	52.43119943910499	0.5243119943910499	14.77701681245175	295.540336249035	47.50615645313022	47.50615645313022	72.57829667317698
138	52.25137904771061	0.5225137904771061	14.781694113193408	295.63388226386814	47.46681876680084	47.46681876680084	72.57705163138097
139	52.34637760833076	0.5234637760833076	14.761532339723031	295.2306467944606	47.46641435044953	47.46641435044953	72.4817930515884
140	52.55081426108507	0.5255081426108508	14.748151240350548	294.963024807011	47.50445115075129	47.50445115075129	72.41509816770967
141	52.710762254210024	0.5271076225421003	14.73277681083964	294.6555362167928	47.466935605567734	47.466935605567734	72.33184838346547
142	52.9418942741491	0.529418942741491	14.727606482731982	294.55212965463966	47.44180356414175	47.44180356414175	72.28754939936661
143	53.12429971060308	0.5312429971060308	14.737889995519554	294.7577999103911	47.46461780804982	47.46461780804982	72.31538900829806
144	53.363320145376775	0.5336332014537678	14.732100965333572	294.64201930667144	47.47133559275642	47.47133559275642	72.27318376590483
145	53.624399956242904	0.5362439995624291	14.706714554317852	294.13429108635705	47.43216218840682	47.43216218840682	72.14671832469423
146	53.69897990869857	0.5369897990869857	14.710790410442064	294.2158082088413	47.46344196203366	47.46344196203366	72.14886386296627
147	53.8940615335236	0.538940615335236	14.724115988424922	294.4823197684984	47.4687517647818	47.4687517647818	72.18686185397739
148	54.05452502547314	0.5405452502547314	14.675387182613676	293.5077436522735	47.434807389299785	47.434807389299785	71.96887290718338
149	54.15442502493313	0.5415442502493314	14.704125990822654	294.0825198164531	47.42060386046727	47.42060386046727	72.06611154630049
150	54.508167361590985	0.5450816736159099	14.683073640925683	293.66147281851363	47.4581758099706	47.4581758099706	71.96375101711074
151	54.575333476615945	0.5457533347661595	14.646643886569743	292.93287773139485	47.422804632784135	47.422804632784135	71.79536754136149
152	54.73624678907828	0.5473624678907828	14.652839497626593	293.05678995253186	47.45104366948081	47.45104366948081	71.80807796170082
153	54.88855444027652	0.5488855444027653	14.643178763253413	292.8635752650683	47.425522578990645	47.425522578990645	71.74797063956626
154	55.19277750730557	0.5519277750730557	14.621831202104618	292.4366240420924	47.45923487980179	47.45923487980179	71.64603094354591
155	55.35004693284022	0.5535004693284022	14.619316501915169	292.38633003830336	47.43063257774341	47.43063257774341	71.61180729688145
156	55.48766398400982	0.5548766398400983	14.596095391466742	291.9219078293348	47.40976169519897	47.40976169519897	71.49621927804692
157	55.71483575022703	0.5571483575022703	14.574935726654298	291.49871453308594	47.4115640745122	47.4115640745122	71.38596137597212
158	56.10230757875343	0.5610230757875343	14.591231647169506	291.8246329433901	47.46614660009038	47.46614660009038	71.43704493921445
159	56.265813848894034	0.5626581384889403	14.58390187195164	291.67803743903283	47.42300755836759	47.42300755836759	71.38051687750831
160	56.456260368968245	0.5645626036896825	14.5876124620579	291.752249241158	47.4473804843288	47.4473804843288	71.38057647802049
161	56.705671940919935	0.5670567194091993	14.529119721246603	290.5823944249321	47.428920080773835	47.428920080773835	71.11834694199315
162	57.08149066406882	0.5708149066406882	14.508487518990192	290.1697503798038	47.45814776628011	47.45814776628011	71.01055206438905
163	57.28058238871301	0.5728058238871301	14.536819195716836	290.7363839143367	47.441511522707344	47.441511522707344	71.10437423870763
164	57.79001888927569	0.577900188892757	14.467263340711549	289.34526681423097	47.53446531018705	47.53446531018705	70.80625387097297
165	57.8222049954368	0.578222049954368	14.480242905015247	289.60485810030497	47.47754071455267	47.47754071455267	70.82790650616519
166	58.167140787065435	0.5816714078706544	14.431858196405484	288.63716392810966	47.47012360005322	47.47012360005322	70.61101707358
167	58.38137466208104	0.5838137466208104	14.42616533640232	288.5233067280464	47.48747057231101	47.48747057231101	70.56550581269111
168	58.51353992328847	0.5851353992328847	14.391390965982193	287.8278193196439	47.494473861911416	47.494473861911416	70.40434763415027
169	58.657413868198844	0.5865741386819885	14.429096925668665	288.5819385133733	47.53150801043175	47.53150801043175	70.54263434607674
170	58.88312286892949	0.5888312286892949	14.37781685635665	287.556337127133	47.548074309070536	47.548074309070536	70.31451256500986
171	58.99603031816949	0.5899603031816949	14.386402447401414	287.7280489480283	47.59120171048099	47.59120171048099	70.33058402367908
172	59.18172307830729	0.5918172307830729	14.305912130889395	286.11824261778787	47.5850992174136	47.5850992174136	69.98194303292698
173	59.16494016969742	0.5916494016969742	14.347974853009713	286.9594970601943	47.57979313350756	47.57979313350756	70.14187294290741
174	59.21127242021115	0.5921127242021116	14.278138337506926	285.5627667501385	47.556409585788344	47.556409585788344	69.83266744260777
175	59.42931226918172	0.5942931226918172	14.295636896954747	285.91273793909494	47.617511855709054	47.617511855709054	69.88996360246922
176	59.681918595805584	0.5968191859580558	14.23166403140011	284.6332806280022	47.616031980881864	47.616031980881864	69.59708078335548
177	59.866743433863945	0.5986674343386394	14.199070429430712	283.9814085886143	47.61624231396759	47.61624231396759	69.44470844420495
178	60.3688397078325	0.603688397078325	14.184694159678395	283.6938831935679	47.70864891916207	47.70864891916207	69.36471651904779
179	59.97481280980768	0.5997481280980769	14.222446490295322	284.44892980590646	47.679092089904145	47.679092089904145	69.51168523446978
180	60.1364098598536	0.601364098598536	14.149578058696418	282.99156117392835	47.71936579475484	47.71936579475484	69.2004872232079
181	60.24895029532832	0.6024895029532832	14.126497812015149	282.52995624030297	47.71143459872288	47.71143459872288	69.07933528569818
182	60.40036790665204	0.6040036790665204	14.120356996958124	282.4071399391625	47.7247059619777	47.7247059619777	69.03209802819968
183	60.71736459122306	0.6071736459122307	14.068179559617088	281.36359119234174	47.7312534447203	47.7312534447203	68.79128118999157
184	60.91837729754879	0.6091837729754879	14.079102919686328	281.5820583937266	47.739668788162525	47.739668788162525	68.80708643693917
185	62.197584402060066	0.6219758440206007	14.014720921624203	280.29441843248406	47.75597756577555	47.75597756577555	68.48952058289893
186	62.65563588468809	0.6265563588468809	14.03622340455555	280.724468091111	47.79446361904652	47.79446361904652	68.53208731175624
187	64.27043276738229	0.6427043276738229	13.991579306631548	279.83158613263095	48.003240509715674	48.003240509715674	68.3216052826586
188	64.99619883975676	0.6499619883975676	13.973141395239926	279.46282790479853	47.99749573733056	47.99749573733056	68.20083454723434
189	65.36739479273703	0.6536739479273703	13.954228876933998	279.08457753868	47.99649357493731	47.99649357493731	68.10552597191547
190	65.72407202858422	0.6572407202858422	13.937965257331022	278.7593051466205	48.08566985914428	48.08566985914428	68.03022532033432
191	67.15606065860858	0.6715606065860859	13.566663049305514	271.3332609861103	48.11760259460181	48.11760259460181	66.45254857933551
192	79.19543593043542	0.7919543593043542	13.971397734513864	279.42795469027726	49.20958847915876	49.20958847915876	67.8670734574189
193	81.64448549034685	0.8164448549034685	8.941159616729063	178.82319233458128	49.667197778192005	49.667197778192005	47.956540096464046
194	81.66347036711173	0.8166347036711173	14.10367669120459	282.0735338240918	49.6610149558337	49.6610149558337	68.39719500941528
195	81.60982701656086	0.8160982701656085	14.085485155453714	281.70970310907427	49.68197164067597	49.68197164067597	68.31895225925334
196	81.6473195567419	0.816473195567419	8.934386156940358	178.68772313880714	49.69010657853766	49.69010657853766	47.89730902044661
197	81.43565726696978	0.8143565726696979	8.95729076857473	179.1458153714946	49.67528114306015	49.67528114306015	47.98617898951415
198	81.23046125379197	0.8123046125379197	14.083371269568962	281.66742539137925	49.638042744208576	49.638042744208576	68.29928244410834
199	81.23992779702161	0.812399277970216	8.9243280572567	178.486561145134	49.68413166743335	49.68413166743335	47.85206999353893
200	81.26750948016468	0.8126750948016468	8.892213971327667	177.84427942655333	49.69835743898942	49.69835743898942	47.727209068893096
201	81.20646582095236	0.8120646582095237	8.917442712509311	178.34885425018624	49.71571906038142	49.71571906038142	47.82411415619982
202	81.1748366384831	0.811748366384831	8.858530749943956	177.1706149988791	49.75506760124433	49.75506760124433	47.62334625026998
203	81.1861436224855	0.8118614362248551	8.851850644087799	177.03701288175597	49.76762926673782	49.76762926673782	47.57579842683041
204	81.12146182351177	0.8112146182351176	8.831449567939835	176.6289913587967	49.75435506156892	49.75435506156892	47.49531535880297
205	81.20901856598942	0.8120901856598942	14.077028003709378	281.54056007418757	49.806109401399866	49.806109401399866	68.25085972768505
206	80.95117092954195	0.8095117092954195	8.827248281290643	176.54496562581286	49.803735390560576	49.803735390560576	47.490514489216594
207	80.75916782168693	0.8075916782168693	8.8001517474714	176.003034949428	49.75778615994945	49.75778615994945	47.37223481635086
208	80.74080901355559	0.8074080901355559	14.065858402423201	281.317168048464	49.79023832102543	49.79023832102543	68.20391130120532
209	80.65074499148106	0.8065074499148106	14.065405605676775	281.3081121135355	49.81268710033389	49.81268710033389	68.19519525789734
210	80.36769303091849	0.8036769303091849	8.803934964172639	176.07869928345278	49.800566064496905	49.800566064496905	47.37532972401425
211	80.24756398476963	0.8024756398476963	8.781955239938588	175.63910479877177	49.81000111213492	49.81000111213492	47.3009097851063
212	80.16579213822588	0.8016579213822589	8.76535727245924	175.30714544918482	49.80304681098256	49.80304681098256	47.21738235395532
213	79.97570486408151	0.7997570486408151	8.753124401425366	175.06248802850732	49.80495276189692	49.80495276189692	47.177494459051154
214	80.17711077813355	0.8017711077813355	8.779825984247791	175.59651968495584	49.98582261826507	49.98582261826507	47.2639235281914
215	94.84785112775269	0.9484785112775269	9.140150807364167	182.80301614728333	71.31465401215998	71.31465401215998	56.83910134885226
216	96.05648032200148	0.9605648032200148	8.852190836543262	177.04381673086522	56.32598523369551	56.32598523369551	46.675958016042166
217	95.93326161944353	0.9593326161944353	8.82435006846287	176.4870013692574	56.271073315663756	56.271073315663756	46.56720060254269
218	95.6617145524253	0.9566171455242529	8.84563766493468	176.9127532986936	56.25646398153958	56.25646398153958	46.65029487145322
219	108.97625237227483	1.0897625237227484	6.093482813100803	121.86965626201606	86.70520969738297	86.70520969738297	58.10996947795711
220	119.34668403614741	1.193466840361474	15.752137117902201	315.04274235804405	101.45335207594218	101.45335207594218	94.57521125705323
221	120.2501125598164	1.2025011255981641	15.760192594203751	315.203851884075	103.37219014463527	103.37219014463527	95.66899270227931
222	120.28582581969596	1.2028582581969596	15.753064138615526	315.0612827723105	89.0505800584975	89.0505800584975	88.19713683991189
223	120.15326713387894	1.2015326713387895	15.755023328409903	315.10046656819804	90.50886341191057	90.50886341191057	88.96516478979404
224	120.03679382246352	1.2003679382246353	15.735386609837864	314.70773219675726	88.93544045798328	88.93544045798328	88.08564406046301
225	119.92855108967404	1.1992855108967404	15.733536694067064	314.6707338813413	90.37536462153327	90.37536462153327	88.87729597868164
226	119.81849319324856	1.1981849319324855	15.7260752411725	314.52150482345	84.78377943965353	84.78377943965353	86.06976762729421
227	119.7385890600426	1.197385890600426	15.724631252957263	314.49262505914527	79.36806585130799	79.36806585130799	83.38871405647483
228	119.64337475197604	1.1964337475197604	15.715738732274897	314.31477464549795	75.2738683376606	75.2738683376606	81.4476758480726
229	119.58446311181854	1.1958446311181854	15.715840810876712	314.3168162175342	83.80871274703466	83.80871274703466	85.5476628378146
230	119.58803003158751	1.1958803003158751	15.712004412445053	314.24008824890103	86.92642832362094	86.92642832362094	87.03478374159104
231	119.56850736632771	1.1956850736632771	15.711114163212605	314.2222832642521	84.78708804597181	84.78708804597181	86.05572923650601
232	119.52809042681487	1.1952809042681487	15.710983830612303	314.2196766122461	76.89628526953965	76.89628526953965	82.2521660610158
233	119.48202969239826	1.1948202969239825	15.708769176394664	314.1753835278933	78.45756137392611	78.45756137392611	83.00380031060969
234	119.46210114530805	1.1946210114530806	15.706760013407203	314.13520026814405	81.00524282883656	81.00524282883656	84.213626252264
235	119.46135156734172	1.1946135156734172	15.706878098099363	314.1375619619873	72.63545659247448	72.63545659247448	80.19214863951488
236	119.40682626456122	1.1940682626456123	15.706299642354878	314.12599284709756	76.83761693062473	76.83761693062473	82.13240020007903
237	119.35962149072202	1.1935962149072201	15.703156675354894	314.06313350709786	79.5235285200661	79.5235285200661	83.50354551090486
238	119.34993122858629	1.1934993122858628	15.703149726612207	314.06299453224415	81.59867701696115	81.59867701696115	84.50087741510049
239	119.3190396937496	1.193190396937496	15.703999926079778	314.07999852159554	78.36645596758241	78.36645596758241	82.96096142448766
240	119.32017517826682	1.1932017517826683	15.708060300724917	314.16120601449836	80.94655457784263	80.94655457784263	84.16308207096148
241	119.32663005950388	1.1932663005950388	15.702194098399866	314.0438819679973	81.11996943582486	81.11996943582486	84.24841892577912
242	119.31940206778737	1.1931940206778737	15.701518805704445	314.0303761140889	83.3979453029667	83.3979453029667	85.30438699157571
243	119.30957181863927	1.1930957181863928	15.70302460414466	314.06049208289323	76.05804574106892	76.05804574106892	81.78604862100126
244	119.31735944652125	1.1931735944652127	15.705066524544849	314.101330490897	75.95681446617469	75.95681446617469	81.72477127697759
245	119.31125185779527	1.1931125185779528	15.702196195515457	314.04392391030916	66.70602854877897	66.70602854877897	77.62204335639794
246	119.3153101551057	1.193153101551057	15.70151026864421	314.0302053728842	78.32010047671203	78.32010047671203	82.86714503481801
247	119.31024958171574	1.1931024958171574	15.689554846902327	313.79109693804656	63.94581917692303	63.94581917692303	76.47008235051838
248	119.31499057622264	1.1931499057622263	15.653838635652738	313.07677271305477	61.37864542818864	61.37864542818864	75.1867279244733
249	119.29988243076512	1.1929988243076513	15.705498535256265	314.1099707051253	80.1783173305172	80.1783173305172	83.82957019196061
250	119.32119845156812	1.1932119845156812	15.69817634690485	313.963526938097	67.05881489552604	67.05881489552604	77.75772993254559
251	119.2976243913214	1.192976243913214	15.701248691787923	314.02497383575843	79.28838909470937	79.28838909470937	83.32209747849662
252	119.30452026975686	1.1930452026975686	15.700170355468515	314.0034071093703	67.97135054324741	67.97135054324741	78.18255432657882
253	119.30581344036395	1.1930581344036395	15.70250577393071	314.0501154786142	80.85622027632787	80.85622027632787	84.07688501527178
254	119.29885447270277	1.1929885447270276	15.703275747058553	314.06551494117105	73.89280299053937	73.89280299053937	80.8822959858798
255	119.3129984489064	1.193129984489064	15.70416292745757	314.0832585491514	75.87055923981877	75.87055923981877	81.66003281778913
256	119.3077449742875	1.193077449742875	15.701959035087615	314.0391807017523	77.99636750411872	77.99636750411872	82.69189107821661
257	119.31353257707737	1.1931353257707737	15.667078064660567	313.3415612932113	62.27002304645532	62.27002304645532	75.53742952298057
258	119.32361623121491	1.1932361623121492	15.700652844799102	314.013056895982	82.44900068704507	82.44900068704507	84.77655659768843
259	119.30142769483457	1.1930142769483458	15.703798167518805	314.0759633503761	85.66969091403007	85.66969091403007	86.43163096633054
260	119.30510244854851	1.193051024485485	15.701253291121153	314.0250658224231	82.93889272216049	82.93889272216049	85.07966482292701
261	119.30242882499182	1.1930242882499182	15.7053129789222	314.106259578444	77.65861693453489	77.65861693453489	82.59070125494985
262	119.30794634515757	1.1930794634515758	15.706924165905304	314.13848331810607	83.01109939042831	83.01109939042831	85.18265075172967
263	119.30217811760001	1.193021781176	15.70084686016519	314.01693720330377	79.96971598929676	79.96971598929676	83.66920860685681
264	119.30481637324593	1.1930481637324593	15.701666415997375	314.0333283199475	68.80892616444326	68.80892616444326	78.48293353196142
265	119.31051709275371	1.193105170927537	15.703899085039493	314.07798170078985	77.64025546653785	77.64025546653785	82.62102049892358
266	119.31606106801999	1.1931606106802	15.701104091551398	314.02208183102795	80.21554416976203	80.21554416976203	83.76757449108925
267	119.31421741397732	1.1931421741397732	15.702282735475494	314.0456547095099	83.24196692711854	83.24196692711854	85.16947824254132
268	119.3128363581976	1.193128363581976	15.703279194070774	314.0655838814155	81.94620228325964	81.94620228325964	84.60962149298074
269	119.29222778757222	1.1929222778757222	15.701032207670318	314.02064415340635	81.66256529947039	81.66256529947039	84.52669894900977
270	119.30533127871351	1.1930533127871352	15.700753207405747	314.0150641481149	79.87382439970844	79.87382439970844	83.64633075246144
271	119.31430927179505	1.1931430927179505	15.704405459395845	314.0881091879169	77.1459831756794	77.1459831756794	82.27697203349183
272	119.29881719619686	1.1929881719619686	15.503903062819237	310.07806125638473	59.051090670985914	59.051090670985914	73.69469173558075
273	119.30200543381903	1.1930200543381904	15.70123444205407	314.0246888410814	80.23592700903852	80.23592700903852	83.84180791167707
274	119.306004068782	1.19306004068782	15.70567462844592	314.1134925689184	83.9856482648234	83.9856482648234	85.63167412467047
275	119.29904839506817	1.1929904839506817	15.70269770220016	314.0539540440032	83.38299193350718	83.38299193350718	85.36869937562962
276	119.29875735773162	1.192987573577316	15.705059092506287	314.1011818501257	82.4681279033031	82.4681279033031	84.93230271547598
277	119.30201778894151	1.1930201778894152	15.70192449812327	314.0384899624654	78.460960503333	78.460960503333	82.95658581841386
278	119.3008243853735	1.193008243853735	15.704275300990545	314.0855060198109	81.845446398001	81.845446398001	84.62781537781285
279	119.31298071848143	1.1931298071848142	15.6594401401865	313.18880280373	61.69543694921882	61.69543694921882	75.31848218497676
280	119.30819323740481	1.193081932374048	15.702482751702007	314.04965503404014	76.71239542877518	76.71239542877518	82.11601562476972
281	119.29707675610624	1.1929707675610624	15.70468222432913	314.0936444865826	81.37497529651435	81.37497529651435	84.40232000005508
282	119.30697500200988	1.1930697500200989	15.702099544978559	314.04199089957115	81.37260768324434	81.37260768324434	84.32337528675122
283	119.30517698815422	1.1930517698815422	15.701640575690446	314.0328115138089	76.84813673973514	76.84813673973514	82.22094987165495
284	119.29714493627657	1.1929714493627657	15.70523576881128	314.1047153762256	76.47172268466487	76.47172268466487	82.07989900557395
285	119.30519586817702	1.1930519586817703	15.702496329333766	314.0499265866753	79.73642939053244	79.73642939053244	83.56450832208002
286	119.3047107767452	1.193047107767452	15.685298659144209	313.7059731828842	63.55793698271143	63.55793698271143	76.2921819949358
287	119.29542289381791	1.1929542289381792	15.70073277631048	314.0146555262096	79.40807927741301	79.40807927741301	83.44523318330633
288	119.293867435405	1.19293867435405	15.706247287085848	314.12494574171694	75.77461729476327	75.77461729476327	81.76012504757598
289	119.30443640235534	1.1930443640235533	15.701396058911163	314.02792117822327	80.75233266577109	80.75233266577109	84.0273654879087
290	119.29371217408642	1.1929371217408642	15.701082175881798	314.02164351763594	82.70945629568986	82.70945629568986	84.94880107253513
291	119.30266702725378	1.1930266702725378	15.704074513801444	314.0814902760289	83.61967706240358	83.61967706240358	85.38184956507067
292	119.28532504064849	1.1928532504064848	15.706352586161366	314.1270517232273	72.78040614142681	72.78040614142681	80.38885598846177
293	119.2945972352605	1.192945972352605	15.705041211350377	314.10082422700754	79.05892971914741	79.05892971914741	83.25177035957536
294	119.30786486314862	1.1930786486314862	15.703673196711547	314.0734639342309	78.7640735231907	78.7640735231907	83.01922487706901
295	119.29873490660933	1.1929873490660934	15.70721645545261	314.1443291090522	76.73891634808439	76.73891634808439	82.16750361405616
296	119.29465792074332	1.1929465792074332	15.704026272648802	314.080525452976	73.88062316474156	73.88062316474156	80.83562619592415
297	119.29293797914106	1.1929293797914107	15.701449831167436	314.0289966233487	76.1660988049019	76.1660988049019	81.92335254261629
298	119.3017453883314	1.193017453883314	15.703173412314767	314.0634682462953	68.22563764333943	68.22563764333943	78.21337847775588
299	119.29689885368744	1.1929689885368744	15.700275033047758	314.00550066095514	80.70932894008051	80.70932894008051	84.04587970855832
300	119.28263139109471	1.1928263139109472	15.701838073885817	314.03676147771637	79.24011386077736	79.24011386077736	83.37013714621814
301	119.2902134112681	1.192902134112681	15.702566302404849	314.051326048097	81.04304192356247	81.04304192356247	84.2349146950292
302	119.29720798506975	1.1929720798506975	15.704182099693337	314.08364199386676	71.8084854783193	71.8084854783193	79.87224172218693
303	119.29429012107018	1.1929429012107018	15.700367921542936	314.00735843085874	81.40063740213553	81.40063740213553	84.37873559662353
304	119.29564681644615	1.1929564681644615	15.702313253576545	314.0462650715309	72.50361392215032	72.50361392215032	80.22734160235358
305	119.29740686511546	1.1929740686511547	15.700828145111911	314.0165629022382	78.80466891673562	78.80466891673562	83.16050220710949
306	119.29568653589149	1.1929568653589149	15.705589930385011	314.1117986077002	77.98307848030832	77.98307848030832	82.72114922232475
307	119.29853288265193	1.1929853288265193	15.701350287729333	314.02700575458664	76.74502561844537	76.74502561844537	82.12760742370615
308	119.29935602458664	1.1929935602458666	15.70140449597365	314.028089919473	80.72901070610239	80.72901070610239	83.9920331405525
309	119.29197393071595	1.1929197393071596	15.704155067459949	314.08310134919896	75.77823104501283	75.77823104501283	81.68569713249195
310	119.28857833029099	1.1928857833029098	15.70292601665454	314.0585203330908	70.71466153987795	70.71466153987795	79.44905887323412
311	119.29985899418752	1.1929985899418751	15.700296018962774	314.0059203792555	82.97567187263748	82.97567187263748	85.03231397550331
312	119.29473916171355	1.1929473916171356	15.702409378816132	314.0481875763226	82.17669379466902	82.17669379466902	84.67160177252161
313	119.28615127280264	1.1928615127280264	15.70270323889019	314.05406477780383	77.85204692727973	77.85204692727973	82.71694774433256
314	119.28965526571181	1.1928965526571182	15.700404876572575	314.0080975314515	83.6613062969817	83.6613062969817	85.49713027767308
315	119.28504199054483	1.1928504199054484	15.701702462050045	314.0340492410009	74.89375381447172	74.89375381447172	81.33582891803051
316	119.28509334720063	1.1928509334720063	15.681974906695396	313.6394981339079	62.81571447158886	62.81571447158886	75.8962702979232
317	119.2971845025853	1.192971845025853	15.702451165786508	314.04902331573015	76.50143293863044	76.50143293863044	82.08459619575997
318	119.29544631486333	1.1929544631486333	15.701997603323969	314.0399520664794	80.7388988628085	80.7388988628085	84.0200260720531
319	119.28718443844193	1.1928718443844193	15.701152490777949	314.023049815559	77.08965218087398	77.08965218087398	82.35335407412578
320	119.28900693525948	1.1928900693525948	15.680413113090465	313.6082622618093	62.50913166691828	62.50913166691828	75.83854410981138
321	119.28941099365511	1.192894109936551	15.70134844831983	314.0269689663966	67.9237263023611	67.9237263023611	78.19385839310851
322	119.28788963084433	1.1928788963084433	15.700629212740264	314.0125842548053	83.73459315742667	83.73459315742667	85.46828897245615
323	119.29406804556699	1.19294068045567	15.70077163834823	314.01543276696464	77.6342760467999	77.6342760467999	82.60848171047645
324	119.29056235636254	1.1929056235636255	15.70284297575596	314.0568595151192	75.64393011381465	75.64393011381465	81.64263603541639
325	119.3006816784618	1.193006816784618	15.702326088204362	314.04652176408723	78.56027298083566	78.56027298083566	82.96162755490943
326	119.28776230725973	1.1928776230725973	15.701879471060689	314.0375894212138	77.93347942823623	77.93347942823623	82.7525740703143
327	119.29665891393334	1.1929665891393335	15.702538497083667	314.05076994167337	77.89323201278599	77.89323201278599	82.69214086974053
328	119.27761886602126	1.1927761886602126	15.701550399149788	314.0310079829958	82.34467006361035	82.34467006361035	84.86047623389494
329	119.2937511843235	1.192937511843235	15.70307829650976	314.06156593019523	80.36294867294585	80.36294867294585	83.91178776911048
330	119.28699616899245	1.1928699616899245	15.70318764031724	314.06375280634484	83.4620691077548	83.4620691077548	85.34750469682844
331	119.29435825443153	1.1929435825443153	15.70068700743836	314.01374014876717	79.63769117983074	79.63769117983074	83.51230398244793
332	119.27937008759369	1.1927937008759368	15.701961268161511	314.03922536323023	74.63059999668117	74.63059999668117	81.21689498564481
333	119.2938348475602	1.192938348475602	15.70127182029666	314.0254364059332	82.44869210099776	82.44869210099776	84.84703361228863
334	119.28430095391698	1.1928430095391698	15.702671780703417	314.05343561406835	76.23788240654999	76.23788240654999	81.91785963655515
335	119.28771937964544	1.1928771937964544	15.505979714587491	310.1195942917498	59.10720658758259	59.10720658758259	73.7053621601997
336	119.29544908290103	1.1929544908290104	15.700986770700364	314.0197354140073	82.70742544032622	82.70742544032622	84.92549452189942
337	119.29724971045123	1.1929724971045124	15.700602793936591	314.0120558787318	81.23669622741582	81.23669622741582	84.21098185846792
338	119.29453153968508	1.1929453153968508	15.701834817326159	314.0366963465232	79.4600131003961	79.4600131003961	83.36424167973055
339	119.2868782423723	1.192868782423723	15.702825424444313	314.05650848888627	67.5030656153019	67.5030656153019	78.040597715397
340	119.29347653079502	1.1929347653079503	15.700443070159906	314.0088614031981	77.05013432179138	77.05013432179138	82.19874230090532
341	119.29136623256196	1.1929136623256196	15.704344393243208	314.08688786486414	82.00065207648879	82.00065207648879	84.6847553504887
342	119.29235880913197	1.1929235880913198	15.701604763618311	314.03209527236623	70.59748972364278	70.59748972364278	79.3458127347531
343	119.29483614778061	1.1929483614778063	15.700715593229491	314.01431186458984	76.5095120515883	76.5095120515883	81.99270970140591
344	119.29266550246395	1.1929266550246396	15.700770672723081	314.0154134544616	75.34466768560009	75.34466768560009	81.52012166141301
345	119.29372353331077	1.1929372353331078	15.70624648859396	314.1249297718792	84.09421312996278	84.09421312996278	85.62269734028214
346	119.2963913482093	1.192963913482093	15.700266107452663	314.00532214905326	73.84074276491593	73.84074276491593	80.82811649297658
347	119.29524759882497	1.1929524759882497	15.630651641669587	312.61303283339174	60.87055429769022	60.87055429769022	74.83775552698924
348	119.28843471404781	1.1928843471404782	15.700371848468752	314.007436969375	68.37818672647626	68.37818672647626	78.40978218550397
349	119.2749963210481	1.192749963210481	15.701115421034164	314.02230842068326	69.69817767625669	69.69817767625669	78.9924157369106
350	119.2959088588458	1.192959088588458	15.700282894225175	314.00565788450353	79.41180174031585	79.41180174031585	83.38016631641435
351	119.28656867681467	1.1928656867681466	15.700349454205893	314.0069890841179	81.52816139653959	81.52816139653959	84.37476857139006
352	119.28043447258551	1.1928043447258552	15.7002779067364	314.005558134728	82.5528502475755	82.5528502475755	84.95756263208958
353	119.28536222924829	1.192853622292483	15.699932238732162	313.99864477464325	67.0571707187196	67.0571707187196	77.7631029743884
354	119.28360186249435	1.1928360186249436	15.70136817573214	314.0273635146428	81.19687574147252	81.19687574147252	84.2857261182377
355	119.28298283159896	1.1928298283159895	15.703171652877753	314.0634330575551	72.56973222354259	72.56973222354259	80.26236370674476
356	119.27703342335015	1.1927703342335014	15.702781332503738	314.05562665007477	76.10040903521148	76.10040903521148	81.85546534206063
357	119.27618383831667	1.1927618383831666	15.69984139256319	313.9968278512638	79.36122103638155	79.36122103638155	83.37807094415146
358	119.28236853479589	1.192823685347959	15.705297084487105	314.1059416897421	81.49144706993538	81.49144706993538	84.46330295100518
359	119.2843931107382	1.192843931107382	15.700751646874133	314.01503293748266	71.84466040379911	71.84466040379911	79.87595837364427
360	119.28055241686893	1.1928055241686892	15.701047909219858	314.02095818439716	72.07391852508293	72.07391852508293	79.98397746353194
361	119.28613187545918	1.1928613187545918	15.700352773322868	314.00705546645736	81.14344272622643	81.14344272622643	84.18988681523754
362	119.28286466166966	1.1928286466166966	15.7018471037252	314.036942074504	74.21084677641615	74.21084677641615	80.95506172936524
363	119.27009347979413	1.1927009347979414	15.701844479221881	314.03688958443763	66.27634909987192	66.27634909987192	77.46180863355568
364	119.28002186262755	1.1928002186262756	15.702496332824893	314.04992665649786	77.44084834942299	77.44084834942299	82.50536877382532
365	119.27522472123024	1.1927522472123024	15.700759059408567	314.0151811881713	72.27546670919686	72.27546670919686	80.14126444041231
366	119.28231874312868	1.192823187431287	15.700280187876059	314.00560375752116	78.81134852460283	78.81134852460283	83.09918037015142
367	119.27891239990907	1.1927891239990909	15.699447919404731	313.9889583880946	78.50874004922896	78.50874004922896	82.88397823122466
368	119.26899298890925	1.1926899298890925	15.688037047530964	313.76074095061927	63.78960822218836	63.78960822218836	76.40349586923267
369	119.2752771243162	1.192752771243162	15.70005488076524	314.0010976153048	81.5756410740332	81.5756410740332	84.4847657263391
370	119.27728508412149	1.192772850841215	15.70057727905631	314.0115455811262	74.8153824830428	74.8153824830428	81.25295987381001
371	119.27107436722255	1.1927107436722255	15.689066952415446	313.78133904830895	64.44774103878053	64.44774103878053	76.61248774429424
372	119.28333047219124	1.1928333047219124	15.699424136188318	313.98848272376637	81.83487728397704	81.83487728397704	84.60818878883882
373	119.27010950260949	1.1927010950260948	15.408768592110805	308.1753718422161	59.04420484005746	59.04420484005746	73.19452341947736
374	119.27771373284351	1.192777137328435	15.713899460292714	314.2779892058543	69.17735084739589	69.17735084739589	78.76873409994576
375	119.2839008174712	1.192839008174712	15.70704255087612	314.1408510175224	79.37067378282512	79.37067378282512	83.36613876124474
376	119.2724190932159	1.192724190932159	15.701330714660008	314.02661429320017	81.72088272107041	81.72088272107041	84.53926450790405
377	119.27931012894173	1.1927931012894173	15.701260096836943	314.0252019367389	80.95436263714294	80.95436263714294	84.12611394100232
378	119.27706307853012	1.1927706307853012	15.695629493078366	313.9125898615673	66.40327351575513	66.40327351575513	77.41883530315502
379	119.2691395135804	1.192691395135804	15.701810106773388	314.03620213546776	70.51584744385507	70.51584744385507	79.31282283299105
380	119.26511020415586	1.1926511020415587	15.699612048965587	313.99224097931176	79.65242573738539	79.65242573738539	83.5169318475119
381	119.26685597731635	1.1926685597731637	15.701963872191083	314.0392774438217	80.01130663266694	80.01130663266694	83.60881994682302
382	119.27362792103267	1.1927362792103267	15.700936800664415	314.0187360132883	73.78668834076103	73.78668834076103	80.8069280630107
383	119.26925488006835	1.1926925488006834	15.70441139591645	314.088227918329	69.52341694948345	69.52341694948345	78.93097012946505
384	119.27250783480211	1.1927250783480212	15.702035454973299	314.04070909946597	70.93081763500935	70.93081763500935	79.5231965509675
385	119.26677158683822	1.1926677158683823	15.702570451010669	314.0514090202134	71.1230220420459	71.1230220420459	79.5394662901924
386	119.26349792611309	1.1926349792611308	15.698616373151058	313.97232746302114	81.37338611080422	81.37338611080422	84.38283492480097
387	119.2638886710171	1.192638886710171	15.701845648893014	314.0369129778603	78.24940678515877	78.24940678515877	82.81541450451218
388	119.26452074414617	1.1926452074414617	15.702552710818347	314.05105421636694	84.84083155632511	84.84083155632511	86.0456074993652
389	119.25968669960248	1.192596866996025	15.706066477606882	314.12132955213764	69.75868311424401	69.75868311424401	79.04022166995134
390	119.26902197270952	1.1926902197270952	15.698774778748735	313.97549557497473	82.90094979171367	82.90094979171367	85.10314811031915
391	119.27238227964634	1.1927238227964634	15.700691048549004	314.0138209709801	83.23903761427685	83.23903761427685	85.2286454295363
392	119.2742932086832	1.1927429320868321	15.701066124415377	314.02132248830753	81.81047744522262	81.81047744522262	84.49216115058178
393	119.27006888265375	1.1927006888265375	15.703267326553052	314.06534653106104	73.8799226800481	73.8799226800481	80.81021016929243
394	119.26228975452224	1.1926228975452224	15.7022960635179	314.045921270358	80.14704418809039	80.14704418809039	83.80771218986412
395	119.26262092185466	1.1926262092185467	15.702892697088377	314.0578539417675	69.81323844729268	69.81323844729268	79.05270576841092
396	119.27443040726665	1.1927443040726666	15.702294476724628	314.0458895344926	80.54869791163878	80.54869791163878	83.91261531589937
397	119.2623257937176	1.192623257937176	15.69947819143028	313.9895638286056	75.2809713271235	75.2809713271235	81.48904547837708
398	119.25675725331585	1.1925675725331586	15.702942151339505	314.0588430267901	81.73959717911293	81.73959717911293	84.50918368301271
399	119.26227067736268	1.1926227067736268	15.553221910103852	311.06443820207704	59.364013146178735	59.364013146178735	74.01075332070458
400	119.25452052583829	1.192545205258383	15.69922992229569	313.9845984459138	81.20804275216564	81.20804275216564	84.30609342771369
401	119.24784078879766	1.1924784078879767	15.699251619224082	313.98503238448166	77.51076609605398	77.51076609605398	82.54721219158577
402	119.24845660383917	1.1924845660383918	15.702137459884607	314.04274919769216	79.5920858135096	79.5920858135096	83.47524588281789
403	119.25115738606466	1.1925115738606467	15.701032534393912	314.02065068787823	78.4782699461717	78.4782699461717	82.96580453196222
404	119.25188993166923	1.1925188993166922	15.69887732211972	313.97754644239444	78.49538229800638	78.49538229800638	83.01010234616163
405	119.25318063869891	1.1925318063869892	15.69813906262461	313.9627812524922	65.97458142209358	65.97458142209358	77.36838817348618
406	119.25782138377961	1.1925782138377963	15.646266154922404	312.9253230984481	61.11003773116217	61.11003773116217	75.10507224594089
407	119.24963158558657	1.1924963158558657	15.698047181823775	313.96094363647546	83.06983576688272	83.06983576688272	85.07378168845011
408	119.25409597871945	1.1925409597871945	15.699746243638273	313.99492487276547	73.99207617953088	73.99207617953088	80.91924363199988
409	119.2462513353106	1.1924625133531062	15.700643081970465	314.0128616394093	67.90688858289306	67.90688858289306	78.21019531669565
410	119.24777910816276	1.1924777910816275	15.704221694018813	314.08443388037625	73.72213148711774	73.72213148711774	80.79255532027764
411	119.24905869930538	1.1924905869930538	15.656413087363902	313.12826174727803	61.53002046814546	61.53002046814546	75.34267757611694
412	119.24774715331826	1.1924774715331825	15.701295123519081	314.02590247038165	83.2114188405397	83.2114188405397	85.24271287431904
413	119.24526669074822	1.1924526669074822	15.701156492638573	314.02312985277143	82.81250352433051	82.81250352433051	85.09125006904985
414	119.25003434752789	1.192500343475279	15.699129675257328	313.98259350514655	79.94093790928738	79.94093790928738	83.63471016018507
415	119.24907805436024	1.1924907805436025	15.701595104677457	314.03190209354915	84.348995761863	84.348995761863	85.77788293841908
416	119.24395730874367	1.1924395730874369	15.698232851536355	313.9646570307271	81.31362951089983	81.31362951089983	84.31081797701147
417	119.24385910141909	1.192438591014191	15.700463895729538	314.00927791459077	81.61352438190671	81.61352438190671	84.48650958564077
