#idx 	 atoms.symbols 	 etot  (Har) 	 ehf  (Har) 	 eccsd  (Har) 	 eccsdt  (Har) 
0 	 H2 	 -1.1723488865668212 	 -1.1329750380544215 	 -1.1723488865668212 	 0.0 
1 	 N2 	 -109.4191624301889 	 -108.9814582803151 	 -109.39987190497544 	 -0.019290525213469495 
2 	 LiF 	 -107.30594220504787 	 -106.97904009260688 	 -107.2974029190009 	 -0.008539286046969151 
3 	 CNH 	 -93.3217540463389 	 -92.90747111697672 	 -93.30314307963953 	 -0.018610966699363192 
4 	 C 	 -37.799082966678284 	 -37.69025250742052 	 -37.79681847880303 	 -0.0022644878752484335 
5 	 F 	 -99.64090370770165 	 -99.40180901601873 	 -99.63670732274576 	 -0.004196384955884558 
6 	 H 	 -0.4998179156304199 	 -0.4998179156304199 	 -0.4998179156304199 	 None 
7 	 Li 	 -7.447596712081987 	 -7.4320268848314415 	 -7.447579451221099 	 -1.726086088832896e-05 
8 	 N 	 -54.533964139104576 	 -54.39889247897415 	 -54.53145416215012 	 -0.002509976954454352 
9 	 OH 	 -75.66226710345305 	 -75.41883529012937 	 -75.65656750652812 	 -0.005699596924922252 
10 	 N2 	 -109.41912915450887 	 -108.9817927676551 	 -109.39990256458216 	 -0.01922658992669703 
11 	 HON2 	 -184.94901512780942 	 -184.20368512300098 	 -184.91194849453458 	 -0.037066633274831486 
12 	 OH 	 -75.662267103453 	 -75.41883529012934 	 -75.65656750652808 	 -0.00569959692492238 
13 	 CH3 	 -39.78390619967421 	 -39.57704969806805 	 -39.77889489326558 	 -0.005011306408636446 
14 	 CH4O 	 -115.43257745801942 	 -114.96604160932587 	 -115.41906901325518 	 -0.013508444764243005 
15 	 FH 	 -100.36474184919678 	 -100.05733758826297 	 -100.3575253266059 	 -0.007216522590876763 
16 	 F 	 -99.64090370770153 	 -99.4018090160186 	 -99.63670732274564 	 -0.004196384955884591 
17 	 HF2 	 -199.8334702446965 	 -199.26064260365447 	 -199.81370468507012 	 -0.019765559626390167 
