#	Epoch	E	E*lambda_E	rho	rho*lambda_rho	ae	ae*lambda_ae	total
0	6.437335182015685	0.06437335182015685	15.380964606639816	307.6192921327963	60.071738203115856	60.071738203115856	80.25994382416071
1	7.807585081735334	0.07807585081735334	15.376856408593147	307.53712817186295	59.960466192744704	59.960466192744704	80.19109860778168
2	8.629142985513136	0.08629142985513136	15.351938075914553	307.03876151829104	59.2898286615673	59.2898286615673	79.82634899940865
3	9.93379112946376	0.09933791129463761	15.332299963691577	306.64599927383153	58.719779149826024	58.719779149826024	79.50617932250682
4	12.261671371007903	0.12261671371007904	15.316701715642859	306.33403431285717	58.16228508467686	58.16228508467686	79.21319520970476
5	14.258181253061956	0.14258181253061955	15.294461341759288	305.88922683518575	57.623280687727934	57.623280687727934	78.88608323900122
6	15.756491184356362	0.1575649118435636	15.269460821847163	305.3892164369433	57.04727365739067	57.04727365739067	78.56622131720555
7	17.84408490076811	0.1784408490076811	15.25864866377353	305.1729732754706	56.60807944386436	56.60807944386436	78.3170018323514
8	20.060677103623615	0.20060677103623614	15.232333861114	304.64667722228	56.06760144741881	56.06760144741881	77.97576508986768
9	21.860541005100607	0.2186054100510061	15.205084630885287	304.10169261770574	55.69921401892246	55.69921401892246	77.69252314191593
10	24.268895628045655	0.24268895628045656	15.188396450279715	303.7679290055943	55.28262921378878	55.28262921378878	77.40014561636241
11	27.951310336571545	0.27951310336571544	15.165863352379517	303.31726704759035	54.78599398091552	54.78599398091552	77.07014022119823
12	30.75338318030196	0.3075338318030196	15.141956757649806	302.8391351529961	54.562827874151004	54.562827874151004	76.81983073491853
13	33.961979158174785	0.3396197915817479	15.124300954294299	302.48601908588597	53.921944673818416	53.921944673818416	76.47508502954592
14	38.2249259070482	0.382249259070482	15.102883145728393	302.05766291456786	53.69152671928328	53.69152671928328	76.21612051982645
15	42.053872926905534	0.42053872926905533	15.071974712596655	301.43949425193307	53.399762393599126	53.399762393599126	75.87254014932203
16	44.56100176428783	0.44561001764287833	15.055145191381408	301.10290382762815	52.805088011617805	52.805088011617805	75.54345527486588
17	47.25220093660311	0.4725220093660311	15.029224347476267	300.58448694952534	52.41971037191381	52.41971037191381	75.20406692088187
18	54.364591775421296	0.543645917754213	15.02440539403081	300.4881078806162	52.351318822949885	52.351318822949885	74.98136005512116
19	58.59205235502	0.5859205235502001	14.993660208204103	299.87320416408204	52.187440931977484	52.187440931977484	74.62930742652544
20	61.37200653178127	0.6137200653178126	14.983665007356652	299.67330014713303	51.99201998600538	51.99201998600538	74.39023048754513
21	64.89848475251809	0.6489848475251809	14.970683882846034	299.4136776569207	51.74289789685851	51.74289789685851	74.12551869464073
22	70.63642145875914	0.7063642145875915	14.957711235101621	299.1542247020324	51.827259914861145	51.827259914861145	73.92673543145574
23	70.05831866157084	0.7005831866157084	14.930330722956727	298.60661445913456	51.61253667161877	51.61253667161877	73.68943599445281
24	71.65649169261843	0.7165649169261843	14.923916749403059	298.4783349880612	51.29794368334928	51.29794368334928	73.46717746275021
25	76.43965374116604	0.7643965374116605	14.916740078844171	298.3348015768834	51.61717227165622	51.61717227165622	73.33022617249324
26	79.67918142436604	0.7967918142436604	14.889601116886068	297.79202233772133	51.63178034788758	51.63178034788758	73.06729378704154
27	79.2031283261449	0.7920312832614491	14.87985775036967	297.5971550073934	51.51130333544268	51.51130333544268	72.96455163217452
28	80.63781509887436	0.8063781509887435	14.852026757556441	297.04053515112884	51.41096264348554	51.41096264348554	72.72700363110233
29	81.06641529131085	0.8106641529131084	14.837115500365853	296.74231000731703	51.425345342263505	51.425345342263505	72.5665643750841
30	82.46801457045	0.8246801457045	14.815987474775755	296.3197494955151	51.17428679568055	51.17428679568055	72.39429369029129
31	79.46915815796119	0.794691581579612	14.775171649531348	295.50343299062695	50.998212967688694	50.998212967688694	72.28389742700529
32	80.30079503498777	0.8030079503498777	14.766948180633635	295.3389636126727	51.072283568926224	51.072283568926224	72.16169554868861
33	80.44431363772127	0.8044431363772127	14.742503120015499	294.85006240031	50.882231701216234	50.882231701216234	71.95705066428665
34	83.29951100939915	0.8329951100939915	14.720369902051043	294.4073980410209	51.085609438489605	51.085609438489605	71.82249787847188
35	80.11594551926957	0.8011594551926957	14.847704109998062	296.95408219996125	58.42318291365834	58.42318291365834	74.9572711597611
36	68.09124520232946	0.6809124520232946	14.655521720847926	293.1104344169585	49.70271739291815	49.70271739291815	71.79241932916713
37	66.98792665959355	0.6698792665959356	14.654379190149852	293.087583802997	49.643128681930634	49.643128681930634	71.82399932660064
38	67.03014779602998	0.6703014779602998	14.654098152061296	293.08196304122595	49.61853679614172	49.61853679614172	71.80753484800722
39	67.48332512022162	0.6748332512022163	14.64668726279411	292.9337452558822	49.57311494491934	49.57311494491934	71.74704725339716
40	67.85931208825795	0.6785931208825795	14.64890577143122	292.9781154286244	49.58996679560013	49.58996679560013	71.7462357156622
41	68.11386297855111	0.6811386297855111	14.641994728503377	292.83989457006754	49.56235010847847	49.56235010847847	71.69389930718332
42	68.44076236703218	0.6844076236703218	14.637937439344174	292.7587487868835	49.55948815787917	49.55948815787917	71.66381532600175
43	68.82325869296173	0.6882325869296173	14.623514664150491	292.4702932830098	49.587919658120406	49.587919658120406	71.58386378647951
44	69.28360897356728	0.6928360897356728	14.633878492452652	292.67756984905304	49.574222633153184	49.574222633153184	71.61033605643641
45	69.29556711412283	0.6929556711412284	14.614614109181085	292.2922821836217	49.54407263616199	49.54407263616199	71.51324118403765
46	69.49554835040082	0.6949554835040083	14.605342115228774	292.1068423045755	49.56044812454521	49.56044812454521	71.46092811749465
47	69.96295554530464	0.6996295554530464	14.622397026771353	292.44794053542705	49.546718840105676	49.546718840105676	71.50825972873761
48	70.43120987866327	0.7043120987866327	14.60749111025374	292.14982220507477	49.54921723695755	49.54921723695755	71.4248786478916
49	70.5461205426739	0.7054612054267391	14.59893067118196	291.9786134236392	49.522745458035914	49.522745458035914	71.37262777113737
50	71.07687121046843	0.7107687121046843	14.57399043851632	291.47980877032643	49.52762616560945	49.52762616560945	71.25008822706546
51	71.21782016257634	0.7121782016257635	14.580379496274338	291.60758992548676	49.49615040731837	49.49615040731837	71.2583424238314
52	71.71489356566208	0.7171489356566209	14.576243480780116	291.5248696156023	49.507624654074306	49.507624654074306	71.22882774297868
53	71.74607668629172	0.7174607668629172	14.583174993319242	291.6634998663848	49.488014467096725	49.488014467096725	71.23515552714959
54	71.91040777318126	0.7191040777318126	14.57041842033157	291.40836840663144	49.481349667548706	49.481349667548706	71.16902817689704
55	72.46025959389404	0.7246025959389404	14.555338587471672	291.10677174943345	49.50689325093089	49.50689325093089	71.07929990356143
56	72.86207725883389	0.7286207725883389	14.540421366112362	290.8084273222472	49.5214899706323	49.5214899706323	71.00406926958827
57	73.2911183248053	0.7329111832480529	14.539705382081234	290.7941076416247	49.51140303599421	49.51140303599421	70.98373473342045
58	73.48626290363352	0.7348626290363351	14.529496731109377	290.58993462218757	49.48410407364449	49.48410407364449	70.92111353110572
59	73.93024668729637	0.7393024668729637	14.500669588752142	290.01339177504286	49.50814798370072	49.50814798370072	70.7827744590372
60	73.95783483506486	0.7395783483506486	14.531363155006352	290.62726310012704	49.465617778930884	49.465617778930884	70.89046360024244
61	74.52066610429527	0.7452066610429527	14.519390898352865	290.3878179670573	49.49720713268861	49.49720713268861	70.83010008471216
62	74.55159254061545	0.7455159254061544	14.504613379745043	290.0922675949009	49.46646275701555	49.46646275701555	70.74249548998802
63	74.95536243035872	0.7495536243035872	14.498463164510177	289.96926329020357	49.46932490575565	49.46932490575565	70.69843142919105
64	75.42060583200467	0.7542060583200467	14.50603278756697	290.12065575133937	49.52586662448917	49.52586662448917	70.71584510680026
65	75.79227302286466	0.7579227302286466	14.466231523388355	289.3246304677671	49.49802184148016	49.49802184148016	70.53157566217764
66	75.9652319513724	0.759652319513724	14.472638336574287	289.4527667314857	49.48483589806328	49.48483589806328	70.53705256386743
67	76.14795766962442	0.7614795766962442	14.459947607547422	289.19895215094846	49.47479357463136	49.47479357463136	70.46373095805183
68	76.59793825129877	0.7659793825129877	14.446162647856012	288.9232529571202	49.460725877824345	49.460725877824345	70.38618949468128
69	76.95863684986061	0.7695863684986062	14.4219224709247	288.43844941849403	49.51142398215422	49.51142398215422	70.27323526584644
70	77.43243165509617	0.7743243165509617	14.427213597727839	288.5442719545568	49.50190554025553	49.50190554025553	70.26664513522341
71	77.50529861663203	0.7750529861663203	14.409014707059555	288.1802941411911	49.46682721995133	49.46682721995133	70.1775936871233
72	78.06548663044612	0.7806548663044612	14.383410971249594	287.6682194249919	49.45280690590645	49.45280690590645	70.05097608790365
73	78.48806213452798	0.7848806213452798	14.35871284574124	287.1742569148248	49.4645239843813	49.4645239843813	69.92152459247437
74	78.8949495951935	0.788949495951935	14.370168252545461	287.4033650509092	49.47712897090477	49.47712897090477	69.95395446077166
75	79.16422783501206	0.7916422783501206	14.349843194738948	286.996863894779	49.489197941966374	49.489197941966374	69.85720627770725
76	79.78557281731668	0.7978557281731667	14.29680051543096	285.9360103086192	49.52057344082986	49.52057344082986	69.61617121738945
77	80.02104974233464	0.8002104974233464	14.246935824219433	284.93871648438864	49.49557119618302	49.49557119618302	69.3834474594987
78	80.88006094207239	0.808800609420724	14.306540435904884	286.1308087180977	49.54044939161611	49.54044939161611	69.61255108992889
79	81.10263886065287	0.8110263886065288	14.253200688436332	285.0640137687266	49.515215680056166	49.515215680056166	69.37070892530927
80	81.77411243945366	0.8177411243945366	14.136791076171445	282.7358215234289	49.54729504734658	49.54729504734658	68.86799276787897
81	82.36779678318065	0.8236779678318066	14.153744449374448	283.074888987489	49.52822767959826	49.52822767959826	68.91102493800724
82	82.85084727973951	0.8285084727973951	14.042583451622907	280.8516690324581	49.63980656114648	49.63980656114648	68.44310688637759
83	83.2730984626495	0.832730984626495	14.009624853205107	280.19249706410216	49.56118258579241	49.56118258579241	68.27568848251228
84	83.80945912790693	0.8380945912790694	14.098225634640922	281.96451269281846	49.58563370473034	49.58563370473034	68.61702370917462
85	85.23854587100215	0.8523854587100215	14.056753365602678	281.13506731205354	49.67364307276738	49.67364307276738	68.42297177875594
86	85.30315055701449	0.853031505570145	13.9885867939603	279.771735879206	49.65192628862387	49.65192628862387	68.11419471037641
87	85.95350781069415	0.8595350781069415	13.887450666298816	277.7490133259763	49.66974658030597	49.66974658030597	67.67248490181764
88	86.19230830916105	0.8619230830916105	13.84535518201782	276.90710364035635	49.68787832128584	49.68787832128584	67.48563876494649
89	86.70033588415139	0.8670033588415139	13.874169195970111	277.48338391940223	49.77915077796742	49.77915077796742	67.59109430234149
90	86.80922805861174	0.8680922805861174	13.803310710459472	276.06621420918947	49.77738245573768	49.77738245573768	67.27699519424678
91	87.22266665835537	0.8722266665835536	13.853837719810963	277.07675439621926	49.81085487906856	49.81085487906856	67.46943076041393
92	88.02707758682978	0.8802707758682978	13.728537111524474	274.5707422304895	49.93871891816868	49.93871891816868	66.92162363292567
93	106.76405276772299	1.0676405276772298	12.715315205812999	254.30630411625998	55.47368357587587	55.47368357587587	62.61838055401389
94	119.51026776385838	1.1951026776385838	9.80608008905069	196.1216017810138	276.9804840351057	276.9804840351057	198.20648842435807
95	124.17676137198225	1.2417676137198226	15.69502743343893	313.9005486687786	84.5646887161239	84.5646887161239	86.88402098361355
96	123.63661975187387	1.2363661975187388	15.666038918848626	313.3207783769725	80.34897840821833	80.34897840821833	84.81657482983879
97	123.12710187703385	1.2312710187703386	15.651016295206581	313.0203259041316	76.52017737889642	76.52017737889642	82.99255524391005
98	122.64394624430199	1.22643946244302	18.233784658504355	364.67569317008713	74.54004187696036	74.54004187696036	92.15547405161851
99	121.91333379360208	1.2191333379360207	19.03999060320662	380.79981206413237	72.0115620091624	72.0115620091624	94.41162690256485
100	121.49564375340486	1.2149564375340487	12.822455544588108	256.44911089176213	63.619248162333136	63.619248162333136	66.22796123331815
101	141.30371127410106	1.4130371127410106	16.13752824785944	322.7505649571888	251.7229035971263	251.7229035971263	189.38484494986074
102	148.54261225443457	1.4854261225443457	15.972891634162568	319.45783268325135	497.7045246276555	497.7045246276555	357.671034509757
103	148.90172241306928	1.489017224130693	15.97651838652567	319.53036773051343	461.3143851829566	461.3143851829566	332.3850983681358
104	148.91678392271803	1.4891678392271803	16.25728871104083	325.1457742208166	436.2169721514858	436.2169721514858	315.27527788173444
105	148.95156193910333	1.4895156193910333	17.119208810707523	342.38417621415044	490.36617107940094	490.36617107940094	353.6382163889225
106	148.97123216482458	1.489712321648246	16.233281812767416	324.6656362553483	354.19026931915903	354.19026931915903	258.77390407975713
107	148.9644768499585	1.4896447684995848	16.421324710945868	328.42649421891736	305.4750371994492	305.4750371994492	225.87338448959255
108	148.9577449147307	1.489577449147307	16.194610989655047	323.89221979310094	397.3204978382355	397.3204978382355	288.3493483094542
109	148.95485688833563	1.4895485688833563	16.365332614163975	327.3066522832795	288.8865784899895	288.8865784899895	214.59990594460157
110	148.94905403292972	1.4894905403292973	15.992948173957755	319.8589634791551	427.17999099776335	427.17999099776335	308.74942209343027
111	148.9437614169438	1.489437614169438	16.379512353231732	327.59024706463464	287.58173602906476	287.58173602906476	213.74219807659395
112	148.94834798318354	1.4894834798318355	15.984056520248098	319.68113040496195	432.7682890738389	432.7682890738389	312.60625996929167
113	148.94722284583608	1.4894722284583608	15.980989493635404	319.61978987270805	424.5637776607482	424.5637776607482	306.92562891134395
114	148.94298799977764	1.4894298799977765	16.345689794985322	326.91379589970643	290.7301098047107	290.7301098047107	215.81055454093908
115	148.93818474947494	1.4893818474947496	15.965241001608575	319.3048200321715	459.4881216612019	459.4881216612019	331.10624354941933
116	148.93650574679458	1.4893650574679458	15.9751475645553	319.502951291106	437.5215333384564	437.5215333384564	315.88943693016944
117	148.94034365049149	1.489403436504915	15.975989150141976	319.5197830028395	428.3186906651798	428.3186906651798	309.5191037972404
118	148.9393428768918	1.4893934287689181	16.325721541131834	326.51443082263665	354.0878436595234	354.0878436595234	258.82069419317634
119	148.93324480063723	1.4893324480063723	16.284641636059664	325.69283272119327	348.8742944660855	348.8742944660855	255.20330855116703
120	148.93857463674235	1.4893857463674234	16.267716603494755	325.3543320698951	440.1646617493046	440.1646617493046	318.01678399774477
121	148.93287146282216	1.4893287146282217	15.985659255529962	319.7131851105992	433.20458371247474	433.20458371247474	312.909757485626
122	148.9336336940948	1.489336336940948	15.979457988117534	319.5891597623507	417.29657558971564	417.29657558971564	301.8996117231614
123	148.93785048527695	1.4893785048527695	16.230336114596632	324.60672229193267	421.4188180447226	421.4188180447226	305.0156611321144
124	148.93793752301957	1.4893793752301958	16.1849759562994	323.699519125988	433.1865542833903	433.1865542833903	313.10370939873184
125	148.940987171955	1.4894098717195499	16.01320454813289	320.2640909626578	444.0095028035517	444.0095028035517	320.42082188678523
126	148.93669300038894	1.4893669300038894	16.337678870395404	326.7535774079081	361.00947971666784	361.00947971666784	263.5729450671814
127	148.93314876249175	1.4893314876249175	16.288603807831706	325.7720761566341	351.1557744981889	351.1557744981889	256.76992208311424
128	148.93745642886358	1.4893745642886358	16.356708321338996	327.1341664267799	293.6025566246964	293.6025566246964	217.7623461741578
129	148.9345987937346	1.489345987937346	15.976380386447948	319.52760772895897	529.7659371019264	529.7659371019264	379.999931374105
130	148.933482952616	1.4893348295261601	15.97939644460342	319.5879288920684	418.96015537406265	418.96015537406265	303.05107421404153
131	148.93366347892774	1.4893366347892774	16.355589655214356	327.11179310428713	360.32537528673	360.32537528673	263.12830865523443
132	148.9333172464506	1.489333172464506	15.968274936540649	319.365498730813	416.59996593579814	416.59996593579814	301.4083892997634
133	148.9335508440884	1.489335508440884	15.986498446201814	319.72996892403626	423.91333700390527	423.91333700390527	306.48231209572896
134	148.9372247824844	1.4893722478248441	16.263103794103163	325.26207588206324	435.8399493254214	435.8399493254214	315.0180736583733
135	148.938395279764	1.48938395279764	16.281190526189526	325.62381052379055	347.17702107652025	347.17702107652025	254.03929177017142
136	148.9381254739344	1.4893812547393441	15.970447572636067	319.40895145272134	467.2973878816701	467.2973878816701	336.53051768906886
137	148.93165455659002	1.4893165455659003	16.26808184839566	325.3616369679132	461.3972145286743	461.3972145286743	332.7237578440842
138	148.93742163676473	1.4893742163676473	16.300773198562233	326.0154639712447	347.6830240281828	347.6830240281828	254.41020619165704
139	148.93652605112064	1.4893652605112064	16.332442378125716	326.64884756251433	360.0781630982143	360.0781630982143	262.92991263161485
140	148.93629498325802	1.4893629498325802	16.289914563546944	325.7982912709389	351.16153007528834	351.16153007528834	256.7737679468718
141	148.9341710638362	1.489341710638362	16.333238966805098	326.66477933610196	357.9735309559064	357.9735309559064	261.48862735504383
142	148.93189678914018	1.4893189678914018	16.310494263226722	326.2098852645345	347.85105256800483	347.85105256800483	254.5371949059334
143	148.93623037366146	1.4893623037366146	15.969235935635595	319.3847187127119	500.931723535437	500.931723535437	359.91073209613756
144	148.93677406991108	1.4893677406991108	16.177171897489337	323.5434379497867	399.71349810129595	399.71349810129595	289.98014793725696
145	148.9309171621669	1.489309171621669	15.984551068770218	319.6910213754044	415.30324613604495	415.30324613604495	300.5276834185139
146	148.9281335318457	1.489281335318457	16.43853155676257	328.7706311352514	307.4094731048595	307.4094731048595	227.20748145627186
147	148.92789917762033	1.4892789917762033	16.263320796487825	325.2664159297565	433.92653665682036	433.92653665682036	313.6947870243953
148	148.93390033705631	1.4893390033705631	16.289543636497537	325.79087272995076	347.1128668037552	347.1128668037552	254.00685232517122
149	148.9306956219394	1.4893069562193941	15.971979407958123	319.43958815916244	430.38533827321135	430.38533827321135	310.9449101431111
150	148.9325653933073	1.489325653933073	16.34377405818067	326.8754811636134	359.98552248259097	359.98552248259097	262.87927958773474
151	148.92866754362115	1.4892866754362115	16.39030799923393	327.8061599846786	339.0523915725982	339.0523915725982	248.63523341721844
152	148.9332389429364	1.4893323894293642	16.258999705022507	325.17999410045013	441.61542787579003	441.61542787579003	319.01092398904325
153	148.9316909459715	1.489316909459715	15.977771434500045	319.5554286900009	419.55365629559265	419.55365629559265	303.4582921146178
154	148.93039812090493	1.4893039812090494	16.13230206054638	322.6460412109276	440.88707314239036	440.88707314239036	318.377169268522
155	148.9331409375027	1.4893314093750272	16.352515157266755	327.0503031453351	293.7135465145223	293.7135465145223	217.83138948430297
156	148.92955552394895	1.4892955552394895	16.38825799300917	327.7651598601834	277.3480136901208	277.3480136901208	206.88403193836496
157	148.93342570550993	1.4893342570550994	16.429475537966155	328.5895107593231	313.9745311187852	313.9745311187852	231.63999090813692
158	148.9345864111871	1.489345864111871	16.420413511224233	328.4082702244847	313.18918955330844	313.18918955330844	231.09649922397915
159	148.93084126503692	1.4893084126503693	16.19314877015532	323.8629754031064	428.92340050175	428.92340050175	310.1619598585403
160	148.93236730616115	1.4893236730616115	15.992947287096584	319.8589457419317	432.4585318028828	432.4585318028828	312.4005158169666
161	148.93578664591556	1.4893578664591556	16.155671280075897	323.1134256015179	448.57352029822107	448.57352029822107	323.7247641839985
162	148.93205836225783	1.4893205836225785	16.258903314298372	325.1780662859675	447.1200090619923	447.1200090619923	322.8215627588637
163	148.93187938682453	1.4893187938682453	15.969287532902412	319.3857506580482	505.04918024726106	505.04918024726106	362.77547293020086
164	148.93199029454317	1.4893199029454318	16.265846489860806	325.3169297972161	454.05827185858766	454.05827185858766	327.6345299345266
165	148.92754908207462	1.4892754908207462	16.245366825289597	324.90733650579193	471.78046954744417	471.78046954744417	339.9045931926953
166	148.93387389685216	1.4893387389685218	15.990401701591654	319.8080340318331	431.2125018573602	431.2125018573602	311.53616752142227
167	148.93591232265058	1.4893591232265058	16.31694166772631	326.33883335452623	356.7323533603898	356.7323533603898	260.6190084542876
168	148.93568758059612	1.4893568758059612	15.95198264900534	319.0396529801068	463.4237322638919	463.4237322638919	333.8259901586553
169	148.93232222263998	1.4893232222264	15.962178068956606	319.24356137913213	418.4317589491971	418.4317589491971	302.6661803637133
170	148.92691344758015	1.4892691344758016	15.958791280493791	319.1758256098758	432.75728437757357	432.75728437757357	312.5733678222409
171	148.9318406619215	1.489318406619215	15.957634520510078	319.15269041020156	428.05661118553735	428.05661118553735	309.31785494371957
172	148.93249944508804	1.4893249944508804	15.96782459645471	319.3564919290942	431.65857519835544	431.65857519835544	311.8222293837068
173	148.93440471655205	1.4893440471655206	16.42241083023014	328.44821660460286	316.64173358307403	316.64173358307403	233.43958788593457
174	148.93152040311767	1.4893152040311768	16.291878007746575	325.8375601549315	346.2951823724967	346.2951823724967	253.45040773821225
175	148.9318926794348	1.489318926794348	15.987535945125801	319.75071890251604	427.43346657190654	427.43346657190654	308.91838338295406
176	148.93432176346715	1.4893432176346715	16.433242646439613	328.66485292879224	300.72044701731585	300.72044701731585	222.67972165262074
177	148.9315336415317	1.489315336415317	15.97488066396871	319.4976132793742	431.94048357595176	431.94048357595176	312.02384001849134
178	148.9322942718799	1.489322942718799	15.973550672442965	319.4710134488593	490.474598450607	490.474598450607	352.63882150289515
179	148.92882386237335	1.4892882386237336	15.991927095506345	319.8385419101269	415.38804571468756	415.38804571468756	300.59437998597923
180	148.92783419180878	1.489278341918088	16.306897594380303	326.13795188760605	354.23235477119215	354.23235477119215	258.8956785646635
181	148.93564513692817	1.4893564513692819	16.33721108531884	326.74422170637683	362.0789478714358	362.0789478714358	264.30472855275474
182	148.9257747823384	1.4892577478233842	16.23285447857273	324.6570895714546	443.2911944025257	443.2911944025257	320.14451498173344
183	148.93061438724007	1.4893061438724007	16.265851087313848	325.31702174627696	440.7024772845005	440.7024772845005	318.3870782485541
184	148.93582725669606	1.4893582725669605	16.252232675126976	325.0446535025395	439.2334926952789	439.2334926952789	317.354743381759
185	148.93425548038837	1.4893425548038837	16.118251002101477	322.3650200420295	439.44583327790065	439.44583327790065	317.36592917272225
186	148.92482741012452	1.4892482741012452	16.250609229284645	325.0121845856929	439.97084992667993	439.97084992667993	317.8650038710738
187	148.93155084393211	1.4893155084393213	15.996506969422692	319.9301393884538	438.4912675962471	438.4912675962471	316.581958849806
188	148.93083363809586	1.4893083363809587	16.424512182045405	328.4902436409081	307.7483507215724	307.7483507215724	227.4169277599922
189	148.93419301951684	1.4893419301951685	15.979424165695447	319.5884833139089	518.741216402079	518.741216402079	372.31900086031607
190	148.9299007386147	1.489299007386147	16.00830252196635	320.166050439327	442.27619934612983	442.27619934612983	319.2142451032536
191	148.93108144211854	1.4893108144211855	15.983884146947922	319.67768293895847	430.82761682531964	430.82761682531964	311.26242830783036
192	148.93089168923004	1.4893089168923004	15.995521090985735	319.9104218197147	440.10673408152064	440.10673408152064	317.6997312955446
193	148.93207598249117	1.4893207598249116	16.271892394094277	325.43784788188555	441.4179093137123	441.4179093137123	318.88699498987074
194	148.92761184342885	1.4892761184342884	16.303121912760396	326.0624382552079	338.75658006458366	338.75658006458366	248.31964382239906
195	148.93434514785517	1.4893434514785517	15.961724788297767	319.23449576595533	470.78190850698195	470.78190850698195	338.94274647553095
196	148.93274624615856	1.4893274624615855	15.981709222497791	319.6341844499558	423.55594918236375	423.55594918236375	306.2298971089447
197	148.92709379798418	1.489270937979842	15.95558482780948	319.1116965561896	432.02302836895154	432.02302836895154	312.06179067667176
198	148.92936693211269	1.489293669321127	15.980244423931888	319.60488847863775	486.35334943928376	486.35334943928376	349.77995506265376
199	148.93422218728304	1.4893422218728305	16.333094075307564	326.6618815061513	363.59074494842827	363.59074494842827	265.3367931184897
200	148.92597558244864	1.4892597558244864	16.24144695437876	324.8289390875752	429.84426970108893	429.84426970108893	310.8490519339444
201	148.93209963697743	1.4893209963697742	16.25848239385639	325.1696478771278	431.3696828343278	431.3696828343278	311.92182966164864
202	148.92643731093642	1.4892643731093642	15.985502815477123	319.71005630954244	423.84086440954974	423.84086440954974	306.43197279764706
203	148.92907894653806	1.4892907894653806	16.407906571370205	328.1581314274041	333.5034304630741	333.5034304630741	244.8773717910634
204	148.93142212423152	1.4893142212423152	16.185932763767855	323.7186552753571	429.9181427964045	429.9181427964045	310.84212371963304
205	148.93147601153004	1.4893147601153005	16.303405642938596	326.06811285877194	350.1889767652604	350.1889767652604	256.12654240921717
206	148.93143875253264	1.4893143875253265	15.966937530298729	319.3387506059746	503.3098676389367	503.3098676389367	361.5637858682554
207	148.9339204736557	1.489339204736557	15.968922444716506	319.3784488943301	423.71867911590795	423.71867911590795	306.32985642006713
208	148.93553131142383	1.4893553131142383	16.0918463375445	321.83692675089	455.7300870860992	455.7300870860992	328.6228521455028
209	148.92916294026907	1.4892916294026908	16.308691547240354	326.1738309448071	352.6017274471054	352.6017274471054	257.78376873291376
210	148.9321701470326	1.489321701470326	16.350265369805097	327.00530739610195	360.3576854048979	360.3576854048979	263.1422790354379
211	148.93014858645998	1.4893014858645999	16.256053879761975	325.1210775952395	437.50440558846606	437.50440558846606	316.16258722565743
212	148.93278936151088	1.4893278936151089	15.974524168513911	319.49048337027824	436.9370351177029	436.9370351177029	315.4831014447586
213	148.93345408810563	1.4893345408810563	16.422786187955808	328.45572375911615	317.9468609477104	317.9468609477104	234.32511997284155
214	148.93755928193556	1.4893755928193557	15.9681568018036	319.363136036072	430.31922845063673	430.31922845063673	310.8948012510572
215	148.93101921630506	1.4893101921630507	15.973539608397504	319.4707921679501	431.23859255717576	431.23859255717576	311.53653153348864
216	148.93126902834277	1.4893126902834277	16.136177359854685	322.7235471970937	440.5005387292676	440.5005387292676	318.1143696015014
217	148.93382380196	1.4893382380195999	15.968055590632025	319.3611118126405	462.88723048149313	462.88723048149313	333.46797606619356
218	148.93063200767276	1.4893063200767276	16.247318529963863	324.94637059927726	425.8586650577009	425.8586650577009	308.0999223383264
219	148.9341797771745	1.4893417977717451	16.016233061991375	320.3246612398275	443.5282780448225	443.5282780448225	320.0897672291706
220	148.93027679415962	1.4893027679415962	16.362448897377913	327.2489779475583	361.26897106483773	361.26897106483773	263.7816805235296
221	148.9301638716103	1.4893016387161029	16.248439676328527	324.96879352657055	346.3571452439881	346.3571452439881	253.43915867083922
222	148.9287917449656	1.489287917449656	16.27080561601714	325.4161123203428	442.6515219852669	442.6515219852669	319.7398579200783
223	148.93402429656592	1.4893402429656593	16.26623389927731	325.3246779855462	441.1770758794813	441.1770758794813	318.7143330842977
224	148.93412957689256	1.4893412957689256	15.983084705219259	319.66169410438516	489.2852422766401	489.2852422766401	351.8206218952087
225	148.92971648791055	1.4892971648791056	15.985644910852026	319.7128982170405	462.2682562172752	462.2682562172752	333.05525798092424
226	148.92949926704918	1.489294992670492	16.141163337352776	322.8232667470555	440.2590382327381	440.2590382327381	317.95149862746644
227	148.9318013987911	1.489318013987911	15.993655655279836	319.8731131055967	504.3584161474739	504.3584161474739	362.31617317605566
228	148.93143748400647	1.4893143748400648	16.23031243870435	324.60624877408696	448.16017528327217	448.16017528327217	323.5129500526638
229	148.93296589851042	1.4893296589851042	16.317754104775084	326.35508209550164	355.70543345254305	355.70543345254305	259.91795569552806
230	148.9335953578545	1.489335953578545	15.979345593515566	319.5869118703113	425.4113140155913	425.4113140155913	307.5121084254458
231	148.93139039506002	1.4893139039506003	16.288081841011522	325.7616368202304	344.44875044537844	344.44875044537844	252.18422665971292
232	148.92759342655353	1.4892759342655353	16.315741111827613	326.31482223655223	349.5128427055824	349.5128427055824	255.6796127685622
233	148.92758391924508	1.4892758391924508	15.974020757233154	319.4804151446631	505.7883791311077	505.7883791311077	363.29425172016323
234	148.9261533873845	1.4892615338738449	16.43893829738207	328.7787659476414	310.08288326065883	310.08288326065883	229.0190489566159
235	148.9297602075249	1.489297602075249	15.990074234444966	319.80148468889934	438.98979371382234	438.98979371382234	316.92085774222517
236	148.92888873158583	1.4892888873158583	16.322551917124365	326.4510383424873	350.82921909773984	350.82921909773984	256.5904492850884
237	148.92607526396338	1.4892607526396338	16.138495256818818	322.76990513637634	442.19004599043785	442.19004599043785	319.28713856564895
238	148.92844841356037	1.4892844841356039	16.295497527080865	325.9099505416173	349.2141217457641	349.2141217457641	255.45077864346482
239	148.92573990970004	1.4892573990970004	16.37381135582493	327.4762271164986	282.8655899484444	282.8655899484444	210.5653903321401
240	148.92560134401262	1.4892560134401263	16.25516002684632	325.10320053692635	427.9327443741286	427.9327443741286	309.5423490604214
241	148.9281349981156	1.4892813499811561	16.199294360507213	323.98588721014426	420.7223333832009	420.7223333832009	304.50121085999274
242	148.9252644213067	1.4892526442130671	16.413307373040222	328.26614746080446	301.77132589304153	301.77132589304153	223.3608031194469
243	148.92286709882194	1.4892286709882194	16.248616988689587	324.97233977379176	447.3322587032885	447.3322587032885	322.9582063256376
244	148.93073947018638	1.4893073947018638	16.325136677444764	326.50273354889526	356.7675096137098	356.7675096137098	260.6533223174271
245	148.92540072388272	1.4892540072388272	15.962092970252916	319.24185940505834	430.94426294556183	430.94426294556183	311.32096242084026
246	148.9250987914799	1.489250987914799	16.342921001245166	326.85842002490335	362.49969725889736	362.49969725889736	264.6001516887871
247	148.92646712911028	1.4892646712911028	16.27941278659496	325.5882557318992	342.70496354529365	342.70496354529365	250.98331947171758
248	148.9314899953127	1.489314899953127	16.225226379716307	324.50452759432613	353.56078425877365	353.56078425877365	258.3339938972914
249	148.93642281116874	1.4893642281116874	16.125530992138597	322.5106198427719	425.33910636133845	425.33910636133845	307.61367982876305
250	148.94911423444225	1.4894911423444226	16.24354795025377	324.8709590050754	431.3897574616473	431.3897574616473	311.92123172198785
251	148.95367749557533	1.4895367749557533	16.429072775455033	328.5814555091007	304.2860620839897	304.2860620839897	225.0809333666887
252	148.95350395289918	1.489535039528992	16.258785474715836	325.1757094943167	457.74662661194355	457.74662661194355	330.18331566815687
253	148.95172521517918	1.4895172521517919	15.987666394323718	319.7533278864744	486.57050772033625	486.57050772033625	349.93672435944455
254	148.95116108829578	1.4895116108829578	16.014669687988526	320.29339375977054	439.89172859970324	439.89172859970324	317.56895999824235
255	148.9545691556792	1.489545691556792	16.11271905496085	322.25438109921697	441.09538522482717	441.09538522482717	318.5019136480293
256	148.95194911443062	1.4895194911443062	16.001937433167065	320.03874866334127	440.2009785518999	440.2009785518999	317.771103308578
257	148.949443543073	1.48949443543073	15.978915808281588	319.57831616563175	426.69433753549504	426.69433753549504	308.39755535561824
258	148.9503358001531	1.489503358001531	16.316610084254094	326.3322016850819	355.44845893534637	355.44845893534637	259.73986673285845
259	148.95143170037238	1.489514317003724	16.244511574242818	324.8902314848564	438.2022003607962	438.2022003607962	316.63282304688875
260	148.94817380815445	1.4894817380815446	16.269618761682434	325.3923752336487	438.05728567879845	438.05728567879845	316.55839864877885
261	148.95316970797285	1.4895316970797285	16.37358277155739	327.47165543114784	288.18808714387256	288.18808714387256	214.14263567167646
262	148.95372096602438	1.4895372096602437	16.306767567085668	326.1353513417134	352.3038566186105	352.3038566186105	257.57721434387884
263	148.95409330926552	1.4895409330926552	15.955541332816528	319.1108266563306	499.38831719100557	499.38831719100557	358.823387394693
264	148.96363799374282	1.4896363799374281	16.283665661727735	325.6733132345547	439.35844580313034	439.35844580313034	317.47308948821967
265	148.95853072283847	1.4895853072283847	16.30420068969829	326.0840137939658	352.7939643684439	352.7939643684439	257.90811859924156
266	148.95922639828018	1.4895922639828019	15.98386687744057	319.6773375488114	418.5666840372461	418.5666840372461	302.7832009305514
267	148.95880984564954	1.4895880984564955	16.263539778339602	325.27079556679206	469.08170933953807	469.08170933953807	338.0488221317339
268	148.96326911997267	1.4896326911997266	16.30514181889197	326.10283637783937	316.43845117440964	316.43845117440964	233.13537533307132
269	148.95955269772958	1.4895955269772958	16.25999453172416	325.1998906344832	441.3027402902453	441.3027402902453	318.79481647546817
270	148.96163730171756	1.4896163730171756	16.309535791219496	326.19071582438994	357.3480759601557	357.3480759601557	261.03257738251676
271	148.9623720426555	1.489623720426555	16.411622540209926	328.2324508041985	312.8462990290673	312.8462990290673	230.84920551318478
272	148.9609644904187	1.489609644904187	15.991826573381204	319.83653146762407	425.4286970846102	425.4286970846102	307.53515911511147
273	148.9612499499832	1.489612499499832	16.360181704722308	327.20363409444616	289.072236691072	289.072236691072	214.7155246155193
274	148.96211734213355	1.4896211734213356	15.970245937116461	319.40491874232924	460.9805846651276	460.9805846651276	332.14554003390884
275	148.95905439922433	1.4895905439922432	16.156625872896615	323.1325174579323	433.3200862146436	433.3200862146436	313.1661672786823
276	148.96241948304873	1.4896241948304874	15.968160316766518	319.36320633533035	423.5569526653878	423.5569526653878	306.216201068856
277	148.96023276894405	1.4896023276894406	16.37392640896923	327.47852817938457	287.790913514461	287.790913514461	213.87526771440324
278	148.96327533450642	1.4896327533450642	15.974591351182104	319.4918270236421	432.66510866752003	432.66510866752003	312.52410377398286
279	148.96157732875056	1.4896157732875057	16.271684736224	325.43369472448	438.6089773174859	438.6089773174859	316.9422191385319
280	148.96390347728357	1.4896390347728357	15.961003182534125	319.2200636506825	465.0861056168295	465.0861056168295	334.98713169908694
281	148.96406979910262	1.4896406979910262	16.42697864015494	328.5395728030988	308.3182931248586	308.3182931248586	227.80499869431077
282	148.96237822283933	1.4896237822283933	16.346558731837295	326.9311746367459	362.44144285761104	362.44144285761104	264.5642600491838
283	148.9582040960187	1.489582040960187	16.296643943843062	325.93287887686125	337.35964952237987	337.35964952237987	247.35698725459883
284	148.95541683949034	1.4895541683949034	15.992896337285854	319.85792674571707	518.5008461333308	518.5008461333308	372.1627766744516
285	148.96294993182104	1.4896294993182104	16.240979445983758	324.81958891967514	403.94407987782176	403.94407987782176	292.9661645796751
286	148.96027480675795	1.4896027480675795	16.023158576479986	320.4631715295997	438.71463951166356	438.71463951166356	316.7619916487249
287	148.9617344492563	1.4896173444925631	16.310471335332775	326.2094267066555	354.07553485624135	354.07553485624135	258.7936977608105
288	148.9578029149261	1.489578029149261	15.976557675156995	319.5311535031399	519.4011254953192	519.4011254953192	372.7773690567566
289	148.9584677516832	1.489584677516832	16.142051773621777	322.8410354724355	448.88577892188755	448.88577892188755	323.9269154786661
290	148.95922693369832	1.4895922693369832	16.243697589696527	324.87395179393053	352.40775167689617	352.40775167689617	257.5673402214988
291	148.95845351930186	1.4895845351930186	16.239420069061012	324.78840138122024	413.35514136384666	413.35514136384666	299.45721675986783
292	148.96098789116857	1.4896098789116858	16.17626008438475	323.525201687695	431.32201530378035	431.32201530378035	311.80293155624145
293	148.95494719301402	1.4895494719301403	16.355910085037443	327.11820170074884	291.3854216738595	291.3854216738595	216.2663536168909
294	148.96204279680165	1.4896204279680165	16.268835827738823	325.37671655477646	431.1177605247604	431.1177605247604	311.75781954073796
295	148.95666747716956	1.4895666747716956	16.370533999873285	327.4106799974657	285.5286183445636	285.5286183445636	212.3495664424252
296	148.95526329253602	1.48955263292536	16.31785989111816	326.3571978223632	356.7357624126381	356.7357624126381	260.623072366371
297	148.95743839444182	1.4895743839444182	16.302731218172596	326.0546243634519	352.90036330543563	352.90036330543563	257.98021630444595
298	148.95933070333137	1.4895933070333138	16.238279885889238	324.7655977177848	466.68182545661	466.68182545661	336.3594811052678
299	148.96007930055532	1.4896007930055533	16.27266555278292	325.45331105565845	442.8636930409029	442.8636930409029	319.8879098868716
300	148.96023480020673	1.4896023480020675	15.986184660201179	319.72369320402356	430.9295304110484	430.9295304110484	311.3356464996168
301	148.9632826956703	1.489632826956703	16.389366178077807	327.78732356155615	288.90672357138567	288.90672357138567	214.64867567014753
302	148.9602220806143	1.489602220806143	15.981832404226354	319.6366480845271	423.06923508138937	423.06923508138937	305.8928704459111
303	148.96050881298427	1.4896050881298428	16.351935590259263	327.03871180518524	286.601787352952	286.601787352952	213.04031414560566
304	148.95348851080087	1.4895348851080088	15.976867000757574	319.53734001515147	424.43805801481005	424.43805801481005	306.8341363423051
305	148.95562030713904	1.4895562030713905	16.263812026288903	325.27624052577806	439.7690615584057	439.7690615584057	317.7379619749518
306	148.96007559795788	1.4896007559795788	16.262464378378695	325.2492875675739	441.3702049029005	441.3702049029005	318.843732981214
307	148.96227015333537	1.4896227015333536	16.439270584285346	328.7854116857069	303.23132536324897	303.23132536324897	224.38313309638664
308	148.96228162308523	1.4896228162308522	15.9522880556544	319.045761113088	504.4228761610097	504.4228761610097	362.32443445134123
309	148.956613204006	1.4895661320400602	16.42681216655113	328.5362433310226	309.9239584672775	309.9239584672775	228.89202888369505
310	148.95939138643163	1.4895939138643164	16.356032493006605	327.1206498601321	363.64628293710206	363.64628293710206	265.4028173318209
311	148.95720388177583	1.4895720388177582	16.27512864999705	325.502572999941	438.14697913770715	438.14697913770715	316.6270987903124
312	148.96029440972268	1.4896029440972267	16.303330701159954	326.06661402319907	353.2507875435491	353.2507875435491	258.2193132819603
313	148.95771945734944	1.4895771945734944	15.976794910989343	319.5358982197869	500.1251279333424	500.1251279333424	359.35499343961357
314	148.96052623548667	1.4896052623548668	16.37640074128323	327.5280148256646	282.33338447650283	282.33338447650283	210.2116171647645
315	148.95914256961086	1.4895914256961087	16.425860807230414	328.51721614460826	308.5361850486282	308.5361850486282	227.95248813155456
316	148.95968525998373	1.4895968525998373	15.97194863339843	319.4389726679686	426.011659283297	426.011659283297	307.918815951695
317	148.9594830707513	1.489594830707513	16.199804239820452	323.99608479640904	432.06826880696707	432.06826880696707	312.344145799303
318	148.95968980597686	1.4895968980597687	16.27074748212024	325.4149496424048	431.7882163733029	431.7882163733029	312.22360268220467
319	148.95663882117557	1.4895663882117558	16.249603601240537	324.99207202481074	437.49563432474304	437.49563432474304	316.1509193982741
320	148.95765635518183	1.4895765635518183	16.00009536908876	320.00190738177525	420.8468867051261	420.8468867051261	304.37538674660965
321	148.96437970797808	1.489643797079781	16.374302218464788	327.48604436929577	286.6190999323218	286.6190999323218	213.08780291021395
322	148.95753270493393	1.4895753270493393	16.256755577876813	325.1351115575363	436.35803221004477	436.35803221004477	315.37083675316154
323	148.95866048760465	1.4895866048760464	15.972947210154679	319.45894420309355	430.70685627283854	430.70685627283854	311.1683300630527
324	148.9578682995237	1.489578682995237	16.016963071018267	320.33926142036535	440.17134966119613	440.17134966119613	317.7649224711418
325	148.96144571227245	1.4896144571227246	15.986292023086927	319.7258404617385	436.3356873827679	436.3356873827679	315.0776410539464
326	148.9613045187702	1.4896130451877019	15.99283684677745	319.856736935549	439.1186846647796	439.1186846647796	317.01229774108515
327	148.962115264384	1.48962115264384	16.325310451188937	326.50620902377875	362.1199227282134	362.1199227282134	264.31982420157226
328	148.95637004084668	1.4895637004084668	16.251040043807496	325.0208008761499	431.04517754791567	431.04517754791567	311.68903159846025
329	148.95556169591794	1.4895556169591795	15.99202938732723	319.8405877465446	440.1881000944701	440.1881000944701	317.7517009882824
330	148.95852933241642	1.4895852933241642	15.989968924411675	319.7993784882335	428.96313068279755	428.96313068279755	309.9790619951399
331	148.95809957359484	1.4895809957359485	15.961162992337712	319.2232598467542	416.3162049877782	416.3162049877782	301.20246568274024
332	148.95398607019945	1.4895398607019945	15.970484739006922	319.40969478013847	423.94223541098194	423.94223541098194	306.4854770232295
333	148.9532363806204	1.4895323638062041	16.371606269053125	327.4321253810625	285.1916456907691	285.1916456907691	212.12378957155386
334	148.95406595002862	1.4895406595002862	16.28095582253276	325.6191164506552	444.108187853889	444.108187853889	320.7578035500187
335	148.94993228661406	1.4894993228661406	15.976244392281558	319.52488784563116	415.97509388693703	415.97509388693703	300.9826599864266
336	148.9525343764276	1.489525343764276	15.981751525544572	319.63503051089145	427.5517922222356	427.5517922222356	308.99288254889285
337	148.9525625640861	1.4895256256408609	15.970811945665222	319.4162389133044	432.76076236796075	432.76076236796075	312.5868963887581
338	148.9553690147651	1.489553690147651	16.266890378944627	325.3378075788925	443.3318443351708	443.3318443351708	320.20643369592295
339	148.9508491298411	1.489508491298411	15.970150610248805	319.4030122049761	499.07226915572693	499.07226915572693	358.6172449422486
340	148.95618497102882	1.4895618497102883	16.42177895087169	328.43557901743384	317.0264556476011	317.0264556476011	233.6977993929779
341	148.95299964657121	1.4895299964657123	16.00545945197659	320.1091890395318	440.18851678552164	440.18851678552164	317.76496451482564
342	148.95221453210436	1.4895221453210437	16.23723892549407	324.74477850988137	351.50266935160124	351.50266935160124	256.9423921622262
343	148.95354089684287	1.4895354089684287	15.962482041736726	319.2496408347345	427.56454537773317	427.56454537773317	308.98228922359215
344	148.95059873473105	1.4895059873473104	16.290200861964408	325.80401723928816	345.5398882556964	345.5398882556964	252.9316364034438
345	148.95045626673038	1.4895045626673038	16.361541883141523	327.2308376628305	366.92634152419504	366.92634152419504	267.65559544437156
346	148.9512304833187	1.489512304833187	17.32615217456261	346.52304349125217	490.3523252726789	490.3523252726789	353.83036021192584
347	148.95386934811006	1.4895386934811006	16.232381462757708	324.64762925515413	352.724461050818	352.724461050818	257.76957148894354
348	148.94744334597524	1.4894744334597525	16.423585820494527	328.4717164098905	302.32776048058446	302.32776048058446	223.74947948669976
349	148.9545232925981	1.489545232925981	15.965123322316678	319.3024664463336	518.4342959495096	518.4342959495096	372.0926299553086
350	148.95392263456708	1.4895392263456708	16.276119201955364	325.5223840391073	438.1532935467125	438.1532935467125	316.6317582042131
351	148.95511697488647	1.4895511697488646	16.25142686138441	325.02853722768816	448.58842979151746	448.58842979151746	323.8311802370221
352	148.95319424900057	1.4895319424900058	15.966519790286668	319.33039580573336	420.6752530843841	420.6752530843841	304.2213367234313
353	148.9531447326243	1.489531447326243	16.288375408589236	325.7675081717847	441.1834537639881	441.1834537639881	318.7416212431997
354	148.950512773889	1.48950512773889	16.309455988767688	326.1891197753538	315.19269116901586	315.19269116901586	232.29606606369694
355	148.94758785755724	1.4894758785755724	16.035523785945383	320.7104757189077	441.10214142080366	441.10214142080366	318.42809471526095
356	148.9486749694435	1.4894867496944348	16.265772281488374	325.3154456297675	438.35494749459946	438.35494749459946	316.7603964107278
357	148.95387644776724	1.4895387644776725	16.339469121315148	326.78938242630295	315.8960025837768	315.8960025837768	232.8149241017405
358	148.95109259591803	1.4895109259591803	16.26101258225481	325.2202516450962	439.27368088722807	439.27368088722807	317.39231537637863
359	148.95314835307687	1.4895314835307687	16.119748755585373	322.3949751117075	441.29777631604003	441.29777631604003	318.65044794876076
360	148.95175434350767	1.4895175434350767	16.2419975370788	324.839950741576	475.7267576413181	475.7267576413181	342.6406853998821
361	148.9477888920117	1.4894778889201168	16.34586820527251	326.9173641054502	293.7635830276941	293.7635830276941	217.85495082258433
362	148.95227268012198	1.4895227268012199	15.955712851907121	319.1142570381424	518.6091537517533	518.6091537517533	372.20630047071495
363	148.94659393423288	1.4894659393423288	16.165711307397263	323.31422614794525	424.97734973485404	424.97734973485404	307.40522559315855
364	148.94795493146194	1.4894795493146193	15.970177685501977	319.40355371003955	423.0851712284071	423.0851712284071	305.89321253350795
365	148.94880638772273	1.4894880638772272	16.315351857544364	326.30703715088725	356.799220580087	356.799220580087	260.66252323023934
366	148.95075022691182	1.4895075022691182	16.42124352848008	328.4248705696016	312.27792856912856	312.27792856912856	230.47974510158303
367	148.9519830951979	1.489519830951979	16.148776770272796	322.97553540545596	442.13072049432907	442.13072049432907	319.2551188391991
368	148.94727768188918	1.4894727768188918	15.975880817848989	319.5176163569798	416.23310608666606	416.23310608666606	301.16134937162946
369	148.94925330233258	1.4894925330233257	16.325997971996	326.51995943992	356.63007862950644	356.63007862950644	260.5598161789854
370	148.94668737472776	1.4894668737472776	16.357345947778605	327.1469189555721	282.18297187949514	282.18297187949514	210.0785836162522
371	148.9462520069144	1.489462520069144	15.991088269023036	319.8217653804607	441.2739411198043	441.2739411198043	318.50307697871284
372	148.94860017401078	1.4894860017401077	15.976322789627782	319.5264557925556	491.32392423426086	491.32392423426086	353.2321285005335
373	148.94811077351073	1.4894811077351073	16.349338581162982	326.98677162325964	361.5845541139762	361.5845541139762	263.9815352174283
374	148.9475137798374	1.4894751377983741	15.973896452288344	319.47792904576687	427.7717764034811	427.7717764034811	309.13823692131155
375	148.94772124175026	1.4894772124175026	16.306315092887385	326.1263018577477	350.9891582418541	350.9891582418541	256.67636366632087
376	148.94829641632052	1.4894829641632052	16.31119719291154	326.22394385823077	344.78310154062626	344.78310154062626	252.44261126692413
377	148.94639921713028	1.4894639921713029	16.289789026330958	325.7957805266192	441.3199469724051	441.3199469724051	318.83698918108996
378	148.93980072773002	1.4893980072773	15.9934514289551	319.869028579102	561.391376087604	561.391376087604	402.0749675945868
379	148.93417784575436	1.4893417784575436	16.15985590851325	323.197118170265	438.40682919748923	438.40682919748923	316.6890742845087
380	148.93506949542183	1.4893506949542183	16.393885861677614	327.8777172335523	289.8105805596011	289.8105805596011	215.265386269704
381	148.9331983480723	1.489331983480723	16.423950849570904	328.47901699141806	305.57122067447403	305.57122067447403	225.94312176905518
382	148.93732664997628	1.489373266499763	16.134897009060715	322.69794018121434	450.93995397721767	450.93995397721767	325.3440779691124
383	148.93474347782387	1.4893474347782387	16.229539913020893	324.59079826041784	447.64874825659746	447.64874825659746	323.1577636577073
384	148.9383417708536	1.489383417708536	15.97756503124076	319.5513006248152	424.7766009664246	424.7766009664246	307.0691577615526
385	148.9335656932577	1.4893356569325769	16.268943785894365	325.3788757178873	440.2674564299575	440.2674564299575	318.08795379077753
386	148.93205102946632	1.4893205102946632	16.426645355737143	328.5329071147429	311.27877661029464	311.27877661029464	229.80892405073553
387	148.93178363494837	1.4893178363494837	16.022127441408475	320.4425488281695	437.20903003258115	437.20903003258115	315.71864697477844
388	148.93150235637836	1.4893150235637835	16.311690273758508	326.23380547517013	358.7427455105686	358.7427455105686	261.9890782113594
389	148.93270168914134	1.4893270168914134	16.410841404031682	328.21682808063366	317.75862125406536	317.75862125406536	234.1804656007656
390	148.933854864912	1.4893385486491202	16.192778758988325	323.8555751797665	436.85291433009684	436.85291433009684	315.6465851820673
391	148.93067587438742	1.4893067587438742	15.968264748005094	319.3652949601019	489.37726023185223	489.37726023185223	351.8707059980685
392	148.92796422537535	1.4892796422537535	15.98212767511025	319.64255350220503	490.243345193502	490.243345193502	352.48566656388823
393	148.9277388262445	1.489277388262445	15.973371674237052	319.46743348474104	427.78189273758125	427.78189273758125	309.14440064746066
394	148.92843662280487	1.4892843662280486	16.434150537176667	328.6830107435333	299.37593971140046	299.37593971140046	221.77328660420903
395	148.92636682687998	1.4892636682687999	16.256069897442796	325.12139794885593	440.6234229251681	440.6234229251681	318.320590070853
396	148.92827851339013	1.4892827851339012	16.250412411451684	325.0082482290337	433.7008985295947	433.7008985295947	313.52636685068853
397	148.92450297014568	1.4892450297014568	16.23595683591757	324.71913671835136	348.5796495692654	348.5796495692654	254.94120529878262
398	148.92605407410645	1.4892605407410644	16.4112757377768	328.22551475553604	311.08798367512065	311.08798367512065	229.65926091678253
