#	Epoch	E	E*lambda_E	rho	rho*lambda_rho	ae	ae*lambda_ae	total
0	6.426118652493773	0.06426118652493773	16.495660193318987	329.9132038663797	60.07205701608622	60.07205701608622	84.57138569198325
1	8.010278679445188	0.08010278679445187	16.48341413036413	329.66828260728266	59.97916170122727	59.97916170122727	84.47269010346086
2	8.925994366596607	0.08925994366596607	16.460754269803097	329.2150853960619	59.31087670818471	59.31087670818471	84.12414047404987
3	11.188692551372203	0.11188692551372204	16.443365924405427	328.86731848810854	58.738638669715854	58.738638669715854	83.83625689518554
4	12.017006001448339	0.1201700600144834	16.423716103283336	328.47432206566674	58.077696065766034	58.077696065766034	83.51194828427171
5	14.556976583277986	0.14556976583277986	16.397700731974293	327.9540146394859	57.86206307461934	57.86206307461934	83.28689287986455
6	15.712993159245503	0.15712993159245503	16.37683620097759	327.5367240195518	57.20358669396457	57.20358669396457	82.94487480624748
7	18.075591128063618	0.18075591128063617	16.35232416791228	327.0464833582456	56.66435126534521	56.66435126534521	82.62987264069565
8	20.054612532210644	0.20054612532210644	16.333341045644126	326.6668209128825	56.3285044452014	56.3285044452014	82.38690927489561
9	21.772823296689133	0.21772823296689134	16.30311095496555	326.062219099311	55.74923552266826	55.74923552266826	82.03753560496831
10	23.854300664931614	0.23854300664931616	16.290317625280224	325.8063525056045	55.27361229235458	55.27361229235458	81.783884015308
11	27.59941564024208	0.2759941564024208	16.264302111849435	325.2860422369887	54.838561827936466	54.838561827936466	81.48553135635179
12	30.177883966406636	0.3017788396640664	16.225037671864303	324.50075343728605	54.49833826808354	54.49833826808354	81.14434928067418
13	34.649278357938705	0.34649278357938706	16.211150669719796	324.22301339439593	54.26744873853437	54.26744873853437	80.90288490613882
14	36.815596156391706	0.36815596156391706	16.19151565948128	323.8303131896256	53.630943476019795	53.630943476019795	80.57547563459474
15	41.373236211578714	0.4137323621157871	16.15686740064672	323.1373480129344	53.47197720503158	53.47197720503158	80.27373406533174
16	44.30804997693927	0.44308049976939273	16.135016707905667	322.7003341581133	52.96544665664338	52.96544665664338	79.93085096143545
17	47.958401838648	0.47958401838648	16.10163868114418	322.0327736228836	52.83585234622568	52.83585234622568	79.6009502897372
18	51.923728235487516	0.5192372823548752	16.07123524624467	321.4247049248934	52.546308031215325	52.546308031215325	79.26261426422965
19	57.712910985057235	0.5771291098505723	16.0348218952413	320.696437904826	52.42493492056983	52.42493492056983	78.9271295979067
20	63.57838539043338	0.6357838539043338	16.031610535513323	320.63221071026646	52.08471731536689	52.08471731536689	78.68487724037617
21	65.1675766253098	0.6516757662530981	15.997699361522063	319.95398723044127	51.832965914626676	51.832965914626676	78.33404706529853
22	70.11660887351727	0.7011660887351726	15.979719980140434	319.59439960280866	51.750664724693536	51.750664724693536	78.09444497657215
23	75.00747173117537	0.7500747173117537	15.979237508057732	319.58475016115466	51.88558626471159	51.88558626471159	77.95063798477996
24	74.42293613501553	0.7442293613501554	15.954085321299088	319.08170642598174	51.547362428746304	51.547362428746304	77.68335823799409
25	76.85501451156878	0.7685501451156879	15.920231793156937	318.40463586313876	51.49396749375839	51.49396749375839	77.42461452271063
26	80.01902982279897	0.8001902982279897	15.902138604436587	318.04277208873174	51.516064138541225	51.516064138541225	77.20998996884735
27	83.40326535306346	0.8340326535306346	15.877783633493001	317.55567266986003	51.4754504695498	51.4754504695498	76.99466281089089
28	85.44413647309064	0.8544413647309064	15.853316682040584	317.06633364081165	51.88475224250519	51.88475224250519	76.80952941074719
29	84.85033352437145	0.8485033352437146	16.009834505973885	320.1966901194777	74.25627703252512	74.25627703252512	86.20555160149615
30	72.07182088186778	0.7207182088186778	15.815240073952758	316.3048014790552	50.44963295404588	50.44963295404588	76.87600225149941
31	70.4924791585008	0.704924791585008	15.811645619664683	316.23291239329365	50.46633455638249	50.46633455638249	76.86743884058669
32	70.74841363495425	0.7074841363495424	15.806431589533771	316.1286317906754	50.43391165522459	50.43391165522459	76.82698849123351
33	71.16110091928499	0.7116110091928499	15.803507433043995	316.0701486608799	50.42096619695057	50.42096619695057	76.79184246162852
34	71.6253406824019	0.716253406824019	15.800862555131516	316.0172511026303	50.46348948780839	50.46348948780839	76.76927688604962
35	72.00899590648882	0.7200899590648883	15.788669833920993	315.7733966784199	50.43800304496309	50.43800304496309	76.70046563367148
36	72.04160460723251	0.7204160460723251	15.794949917860057	315.89899835720115	50.4022761545721	50.4022761545721	76.7069564607564
37	72.45276448426957	0.7245276448426957	15.777019189257068	315.54038378514133	50.43653348495702	50.43653348495702	76.62278495118598
38	72.7128104326323	0.727128104326323	15.78113513255278	315.6227026510556	50.382965000397036	50.382965000397036	76.60858812622897
39	72.9675508599338	0.7296755085993379	15.76996649007405	315.39932980148103	50.372895920882655	50.372895920882655	76.5475733392793
40	73.44846913364925	0.7344846913364925	15.767091295046688	315.34182590093377	50.42156527314178	50.42156527314178	76.52179129269284
41	73.60323652219078	0.7360323652219078	15.751100420575526	315.0220084115105	50.366423004007004	50.366423004007004	76.43520919900966
42	74.16067764480961	0.7416067764480961	15.754010965129396	315.0802193025879	50.38813838276069	50.38813838276069	76.43495282971779
43	74.45912924761184	0.7445912924761184	15.747871301618115	314.9574260323623	50.370800435664705	50.370800435664705	76.387569827035
44	74.93800808407485	0.7493800808407486	15.741393979043037	314.8278795808607	50.4010151656118	50.4010151656118	76.34292577158624
45	75.13987569993671	0.7513987569993671	15.733292546694377	314.66585093388755	50.389797431507375	50.389797431507375	76.28881694497885
46	75.52642868014193	0.7552642868014193	15.724101566408812	314.4820313281763	50.40272304892352	50.40272304892352	76.23494834876422
47	75.62156165549922	0.7562156165549923	15.729978655417657	314.5995731083531	50.344602740665536	50.344602740665536	76.23637405315598
48	75.93815049740684	0.7593815049740684	15.713047507188588	314.26095014377177	50.385053924268654	50.385053924268654	76.1560781087469
49	76.2968582720104	0.762968582720104	15.707421787487315	314.1484357497463	50.38090528193317	50.38090528193317	76.10948494976888
50	76.57654458838769	0.765765445883877	15.700894154474517	314.01788308949034	50.340432537806635	50.340432537806635	76.06372376843093
51	76.73779407052244	0.7673779407052245	15.690001029277711	313.80002058555425	50.29680525646538	50.29680525646538	75.99388775521649
52	77.161757890106	0.7716175789010601	15.694388072927442	313.8877614585488	50.35652763107929	50.35652763107929	75.9989500013086
53	77.50933659655813	0.7750933659655813	15.680660107294855	313.6132021458971	50.329146582488136	50.329146582488136	75.9196337006766
54	78.0505097564694	0.780505097564694	15.67469397050622	313.4938794101244	50.36597489003077	50.36597489003077	75.88051682199686
55	78.32354491020878	0.7832354491020879	15.665540553837957	313.31081107675914	50.327999104609994	50.327999104609994	75.8193072303181
56	78.62097290275658	0.7862097290275658	15.66424837995526	313.28496759910524	50.352120647531976	50.352120647531976	75.79624629935292
57	78.66925587709359	0.7866925587709359	15.64544157827846	312.9088315655692	50.36193441551702	50.36193441551702	75.7035069723899
58	79.48244767405637	0.7948244767405638	15.634530645958499	312.69061291917	50.39874607066909	50.39874607066909	75.64385512693443
59	79.37582595174415	0.7937582595174415	15.62522395768615	312.50447915372297	50.36780690901593	50.36780690901593	75.58702218399239
60	79.8456073593467	0.798456073593467	15.624852900524454	312.49705801048907	50.36089290454582	50.36089290454582	75.55790549072077
61	80.43764880501843	0.8043764880501842	15.611361348549682	312.2272269709936	50.41382114117353	50.41382114117353	75.4874873961712
62	80.69675075915976	0.8069675075915975	15.603147411942988	312.06294823885975	50.40456249375833	50.40456249375833	75.42733515550222
63	80.61359852235054	0.8061359852235055	15.588101977063515	311.76203954127027	50.38087405964438	50.38087405964438	75.35916095089924
64	81.18087492987208	0.8118087492987208	15.584052234304384	311.68104468608766	50.37777647538169	50.37777647538169	75.31764527674872
65	81.90666112685047	0.8190666112685047	15.579989418636629	311.5997883727326	50.45162054970534	50.45162054970534	75.27460600981162
66	82.03343274587249	0.8203343274587249	15.568986107762575	311.3797221552515	50.41487673045397	50.41487673045397	75.2089573802958
67	81.96718864494213	0.8196718864494212	15.555178705203218	311.10357410406436	50.39793743021667	50.39793743021667	75.13617774087416
68	82.6549286363773	0.8265492863637731	15.548276376520475	310.9655275304095	50.43353643872148	50.43353643872148	75.09596386435439
69	83.00570314050613	0.8300570314050613	15.54350247405066	310.8700494810132	50.44042511825602	50.44042511825602	75.04468781777163
70	83.23340196886343	0.8323340196886343	15.532282351566574	310.64564703133146	50.43337823258423	50.43337823258423	74.9784085916129
71	83.46358259858997	0.8346358259858997	15.523349987116069	310.4669997423214	50.46523505489252	50.46523505489252	74.93032781494782
72	83.65083578667223	0.8365083578667223	15.517259710369652	310.34519420739304	50.45098303491489	50.45098303491489	74.88078207000287
73	83.81784736810235	0.8381784736810235	15.502947241218402	310.05894482436804	50.47607297802289	50.47607297802289	74.8045953784735
74	84.42836874100846	0.8442836874100845	15.496933667919164	309.93867335838326	50.48765971263667	50.48765971263667	74.76412669250223
75	84.76268886824239	0.847626888682424	15.483853874769	309.67707749538	50.48975309668431	50.48975309668431	74.67985670012581
76	84.76613243116546	0.8476613243116546	15.477559986224547	309.5511997244909	50.5062379655301	50.5062379655301	74.64428988810519
77	85.33625909954314	0.8533625909954314	15.471451022222524	309.4290204444505	50.4837204105242	50.4837204105242	74.59521026252895
78	85.45841656614151	0.8545841656614152	15.46083347039208	309.2166694078416	50.51466620473084	50.51466620473084	74.53722724870255
79	85.2504672536526	0.8525046725365261	15.458408596067736	309.1681719213547	50.50210754603993	50.50210754603993	74.50968621013998
80	85.72796226277745	0.8572796226277746	15.443878303851388	308.8775660770278	50.50950438100179	50.50950438100179	74.42801912743131
81	85.78773189112374	0.8578773189112374	15.43491389277383	308.6982778554766	50.497341785070546	50.497341785070546	74.37203207914243
82	86.09097184253585	0.8609097184253586	15.426926429626741	308.5385285925348	50.52438548640347	50.52438548640347	74.3236246762321
83	85.99736193477692	0.8599736193477692	15.417750300649857	308.35500601299714	50.51268190613014	50.51268190613014	74.26955267380374
84	86.37446314481221	0.8637446314481221	15.410146533158656	308.2029306631731	50.537095917006596	50.537095917006596	74.22219632250199
85	86.48651450157527	0.8648651450157527	15.40018511892943	308.0037023785886	50.55239518067567	50.55239518067567	74.16193520500032
86	86.66252873250318	0.8666252873250317	15.38938382957846	307.7876765915692	50.5221679707344	50.5221679707344	74.09304171293509
87	86.75685058893934	0.8675685058893935	15.38813121429543	307.7626242859086	50.52398165340987	50.52398165340987	74.07377693623259
88	86.7581134808682	0.867581134808682	15.37217446678963	307.4434893357926	50.51638471687589	50.51638471687589	73.99470473388266
89	87.31910941020277	0.8731910941020278	15.367795358593288	307.35590717186574	50.60767914656219	50.60767914656219	73.96086734500034
90	72.70004442150274	0.7270004442150274	14.27055883586459	285.41117671729177	51.01706077630227	51.01706077630227	69.59463063665847
91	64.92374146225681	0.6492374146225681	15.483630945863887	309.67261891727776	48.98696385412336	48.98696385412336	74.9718910451621
92	64.2379171679326	0.6423791716793259	15.48934285456159	309.7868570912318	48.999662388479265	48.999662388479265	75.02150898543572
93	64.19721688282608	0.6419721688282608	15.486085301610336	309.7217060322067	48.98986593994211	48.98986593994211	75.00329805113032
94	64.18874525958924	0.6418874525958924	15.487476481058618	309.74952962117237	49.00235046589355	49.00235046589355	75.01261660871162
95	64.22406499427466	0.6422406499427465	15.480565851848523	309.61131703697043	49.00123460262993	49.00123460262993	74.97928205367866
96	64.23301106631044	0.6423301106631044	15.479598116342856	309.59196232685713	48.9932697741969	48.9932697741969	74.97119043542801
97	64.25469566998426	0.6425469566998426	15.474009729452609	309.4801945890522	48.9955182432453	48.9955182432453	74.94560579707003
98	64.28975379694772	0.6428975379694772	15.471636948656105	309.4327389731221	48.993612380098206	48.993612380098206	74.93274716155108
99	64.30836299515785	0.6430836299515785	15.479669802556856	309.5933960511371	49.00712753693534	49.00712753693534	74.96606003046048
100	64.30374373146644	0.6430374373146645	15.472355249130025	309.44710498260054	49.007267032603465	49.007267032603465	74.93593225721553
101	64.32425234543577	0.6432425234543577	15.468655373960763	309.37310747921526	49.02159279018969	49.02159279018969	74.92090171660023
102	64.35126086198572	0.6435126086198573	15.469731401381818	309.3946280276364	49.01516949594088	49.01516949594088	74.92293331408484
103	64.35409919978808	0.6435409919978808	15.469536379309256	309.3907275861851	49.01429613445467	49.01429613445467	74.92103907650387
104	64.35490166212026	0.6435490166212026	15.463022038382642	309.2604407676528	49.00918457665359	49.00918457665359	74.89261455821176
105	64.34860672090294	0.6434860672090293	15.472845356952355	309.4569071390471	49.014699734112455	49.014699734112455	74.93482624855197
106	64.35710364851214	0.6435710364851214	15.47144166011132	309.42883320222643	49.01665549515673	49.01665549515673	74.92876055067826
107	64.35919995657878	0.6435919995657878	15.466843510144585	309.3368702028917	49.01480675101433	49.01480675101433	74.90883608904167
108	64.36441151730118	0.6436441151730118	15.471554550528165	309.4310910105633	48.997271701484365	48.997271701484365	74.92268946404714
109	64.3632773557813	0.6436327735578131	15.47267973112654	309.4535946225308	49.00948777279838	49.00948777279838	74.93102506037947
110	64.3659839760948	0.643659839760948	15.472548169000028	309.45096338000053	49.00587541672962	49.00587541672962	74.92908950706479
111	64.36777521568176	0.6436777521568177	15.463325036687097	309.26650073374196	49.01342721269092	49.01342721269092	74.89266909099643
112	64.36695548636482	0.6436695548636482	15.465873837404176	309.31747674808355	49.0017007541476	49.0017007541476	74.89938190420403
113	64.36487763884226	0.6436487763884225	15.472664827886987	309.45329655773975	49.02011128040675	49.02011128040675	74.93342660899181
114	64.3753044102847	0.643753044102847	15.467757235533401	309.355144710668	48.99914028433358	48.99914028433358	74.90594008697855
115	64.36726976522726	0.6436726976522726	15.46685593938035	309.337118787607	49.01366588080741	49.01366588080741	74.90667437729724
116	64.36984630812904	0.6436984630812904	15.47012036669578	309.40240733391556	49.00073809973939	49.00073809973939	74.91651823977935
117	64.3713291476425	0.643713291476425	15.457334649950623	309.14669299901243	49.008243143479724	49.008243143479724	74.86608575290823
118	64.37414392613563	0.6437414392613563	15.46276932126348	309.2553864252696	49.002023165579686	49.002023165579686	74.88622248462323
119	64.37134243602522	0.6437134243602521	15.467127291840715	309.3425458368143	49.00864505683702	49.00864505683702	74.90639115946347
120	64.37571527140705	0.6437571527140705	15.463894479820173	309.27788959640344	49.00397281110615	49.00397281110615	74.89169414609896
121	64.36788975422903	0.6436788975422902	15.466808480980529	309.3361696196106	49.016134953348974	49.016134953348974	74.9077308226936
122	64.37225652848078	0.6437225652848078	15.467364903840858	309.34729807681714	49.016078756472574	49.016078756472574	74.90955651866078
123	64.37543208317969	0.643754320831797	15.462343913220229	309.2468782644046	49.01817868725629	49.01817868725629	74.88987286964237
124	64.37461547251546	0.6437461547251546	15.463786640058652	309.27573280117304	49.01348588121205	49.01348588121205	74.89407965276243
125	64.37227082489439	0.6437227082489438	15.469100390032203	309.38200780064403	49.0170024153654	49.0170024153654	74.91687065734502
126	64.37509926588208	0.6437509926588209	15.46562733836011	309.3125467672022	49.01087604822733	49.01087604822733	74.9009339960535
127	64.36793024585388	0.6436793024585389	15.469486959861277	309.38973919722554	49.01805984799189	49.01805984799189	74.91898418686597
128	64.37293285903587	0.6437293285903587	15.45664629962095	309.132925992419	49.003002484129965	49.003002484129965	74.86110137257859
129	64.3681458772236	0.643681458772236	15.468938407248515	309.3787681449703	49.011780272301976	49.011780272301976	74.9149060386234
130	64.37253831676496	0.6437253831676496	15.469774131316646	309.3954826263329	49.017052155703674	49.017052155703674	74.92012026429992
131	64.3714677455511	0.643714677455511	15.459322139612427	309.18644279224856	49.007366114004945	49.007366114004945	74.87404655199195
132	64.37181026489057	0.6437181026489057	15.466015773766774	309.32031547533546	49.01587045664984	49.01587045664984	74.90390091738536
133	64.37026659710895	0.6437026659710895	15.466994165051148	309.33988330102295	49.01132710800486	49.01132710800486	74.90671179098993
134	64.37222471911072	0.6437222471911072	15.462239637422844	309.24479274845686	49.01073888837293	49.01073888837293	74.88687573629689
135	64.37515258227108	0.6437515258227109	15.469908578349553	309.3981715669911	49.01521225273785	49.01521225273785	74.92018124652057
136	64.37035963720254	0.6437035963720255	15.465491978906876	309.3098395781375	49.01660765623802	49.01660765623802	74.9020625599271
137	64.37011345369096	0.6437011345369096	15.465707645051895	309.3141529010379	49.01200367699744	49.01200367699744	74.90137187876137
138	64.37258108504552	0.6437258108504552	15.468353544989982	309.36707089979967	49.000967702801056	49.000967702801056	74.9090271172201
139	64.37475236407207	0.6437475236407206	15.46445744813309	309.2891489626618	49.00922661257426	49.00922661257426	74.89559064449617
140	64.37227906351929	0.6437227906351929	15.465858352298932	309.31716704597864	49.015799233842905	49.015799233842905	74.90413588845682
141	64.37403553339743	0.6437403553339743	15.46826746726856	309.3653493453712	49.00956491038594	49.00956491038594	74.91111831027665
142	64.37439475379523	0.6437439475379523	15.467789425424359	309.3557885084872	49.00925409339545	49.00925409339545	74.90988125277802
143	64.37201131361519	0.643720113136152	15.468971088107741	309.37942176215483	49.01126768347828	49.01126768347828	74.91499831728305
144	64.37692494795111	0.6437692494795111	15.463080959279152	309.261619185583	49.016272967257244	49.016272967257244	74.89210818139111
145	64.37664242922779	0.6437664242922779	15.470431880919431	309.40863761838864	49.00217046963524	49.00217046963524	74.91753093198153
146	64.3762816304229	0.6437628163042289	15.473355514671434	309.4671102934287	49.000863717153386	49.000863717153386	74.92979976712734
147	64.37148731937913	0.6437148731937913	15.465413821952144	309.30827643904286	49.01736838313789	49.01736838313789	74.90211827621064
148	64.37452239246417	0.6437452239246417	15.470309205443703	309.4061841088741	49.00591780613703	49.00591780613703	74.91854811944269
149	64.3736402608524	0.6437364026085239	15.471467957763155	309.4293591552631	48.999550179012346	48.999550179012346	74.9215070146528
150	64.37301139526808	0.6437301139526808	15.470167637388903	309.40335274777806	49.00138201403597	49.00138201403597	74.91656882308534
151	64.37317049729252	0.6437317049729252	15.472049746458739	309.4409949291748	49.00638881059928	49.00638881059928	74.92575502595169
152	64.37533216677059	0.6437533216677059	15.467009004727778	309.34018009455554	49.00134212314446	49.00134212314446	74.90326071740809
153	64.37767749711821	0.6437767749711821	15.468366044886565	309.3673208977313	49.00694487956051	49.00694487956051	74.91044389416987
154	64.374544966264	0.64374544966264	15.466062351795763	309.32124703591523	49.013990076347476	49.013990076347476	74.90323177666154
155	64.37817588605638	0.6437817588605639	15.467853580834701	309.35707161669404	49.019964779000865	49.019964779000865	74.91281604596118
156	64.37619991914707	0.6437619991914707	15.467863769826396	309.35727539652794	49.009177461600494	49.009177461600494	74.90975430171603
157	64.37225261462797	0.6437225261462797	15.45903286484226	309.1806572968452	49.01386612758564	49.01386612758564	74.87426142965869
158	64.37042170730847	0.6437042170730847	15.460784179797265	309.2156835959453	49.01618109578118	49.01618109578118	74.88252188425466
159	64.37223953221813	0.6437223953221813	15.458101943196372	309.1620388639274	49.00894097178303	49.00894097178303	74.86877127629073
160	64.37291524302827	0.6437291524302827	15.466745001626235	309.3349000325247	49.01052701613931	49.01052701613931	74.90544526773773
161	64.37675660373537	0.6437675660373537	15.467611791899822	309.35223583799643	48.994193306872525	48.994193306872525	74.90381113287428
162	64.37400749143947	0.6437400749143948	15.463032718093192	309.2606543618638	49.011095274369566	49.011095274369566	74.88957823781287
163	64.37300481771344	0.6437300481771344	15.45657481940945	309.131496388189	49.010438686585815	49.010438686585815	74.86346889642077
164	64.37410933976187	0.6437410933976188	15.462126698359292	309.24253396718586	49.015021206530804	49.015021206530804	74.88778103645465
165	64.37758705973076	0.6437758705973076	15.469950958340892	309.3990191668178	49.01794657093899	49.01794657093899	74.92064647892792
166	64.37282180059464	0.6437282180059464	15.463734801876313	309.27469603752627	49.017441200543026	49.017441200543026	74.89495305324441
167	64.37586633294057	0.6437586633294058	15.465183937775912	309.30367875551826	49.00005611701375	49.00005611701375	74.89565642862767
168	64.37559078984361	0.6437559078984362	15.469606650909613	309.3921330181923	49.01918101759518	49.01918101759518	74.91962692480669
169	64.38041360752433	0.6438041360752433	15.457654968421226	309.15309936842453	49.01385208298803	49.01385208298803	74.86877283553348
170	64.37696164935626	0.6437696164935626	15.464975834364823	309.2995166872965	49.00410207260078	49.00410207260078	74.89551135311264
171	64.37273017634323	0.6437273017634323	15.454488248152545	309.0897649630509	49.02033183971403	49.02033183971403	74.85795038759537
172	64.37308418485016	0.6437308418485016	15.468691033512465	309.3738206702493	49.011818536984585	49.011818536984585	74.91386847520283
173	64.37975405308575	0.6437975405308575	15.462373400921617	309.24746801843236	49.01311495272014	49.01311495272014	74.88825823396563
174	64.3748419944775	0.643748419944775	15.462666625146284	309.2533325029257	49.01241777927877	49.01241777927877	74.88888303889607
175	64.37527935497063	0.6437527935497063	15.462817743483422	309.2563548696684	49.00784583111359	49.00784583111359	74.8879442765665
176	64.37386918237512	0.6437386918237512	15.46846439864629	309.3692879729258	49.00945101379303	49.00945101379303	74.91212316527003
177	64.37536649194543	0.6437536649194543	15.463248546348906	309.2649709269781	49.01037860562249	49.01037860562249	74.89115461753111
178	64.37722896509582	0.6437722896509582	15.460434575354059	309.2086915070812	49.0055493317878	49.0055493317878	74.87711266254662
179	64.37789463220635	0.6437789463220635	15.46537825157336	309.3075650314672	49.00370883201246	49.00370883201246	74.8980355471191
180	64.37640946944128	0.6437640946944129	15.462451405457747	309.24902810915495	49.008984406085524	49.008984406085524	74.88708622434025
181	64.37696608210696	0.6437696608210696	15.46039636409421	309.2079272818842	49.01649756379574	49.01649756379574	74.88085327885693
182	64.37821256973274	0.6437821256973274	15.47115972858346	309.4231945716692	49.01052848398839	49.01052848398839	74.92320387334512
183	64.37570228207264	0.6437570228207264	15.464330001604836	309.2866000320967	49.0170594161174	49.0170594161174	74.89736838166813
184	64.37753607472573	0.6437753607472573	15.4687819526956	309.375639053912	49.00969733564714	49.00969733564714	74.9127316751086
185	64.37611808835608	0.6437611808835608	15.4660142014628	309.320284029256	49.00395632801719	49.00395632801719	74.90006661709131
186	64.37608779040667	0.6437608779040668	15.465424326237706	309.30848652475413	49.016473693875675	49.016473693875675	74.9016003510809
187	64.37529643964645	0.6437529643964645	15.46298217391233	309.25964347824663	49.01191612211327	49.01191612211327	74.89024551829763
188	64.37911811330758	0.6437911811330759	15.469190902099744	309.38381804199486	49.00399465917127	49.00399465917127	74.91316542810924
189	64.37703971700479	0.6437703971700479	15.469118893355658	309.3823778671132	49.012769932550505	49.012769932550505	74.91563444405116
190	64.37832372594596	0.6437832372594596	15.463502782354357	309.27005564708713	49.01805593566571	49.01805593566571	74.89403174731414
191	64.37446965811239	0.6437446965811239	15.463762334028976	309.2752466805795	49.00909169106819	49.00909169106819	74.89244626281796
192	64.3770946878689	0.6437709468786891	15.47115749003237	309.4231498006474	49.0050479788551	49.0050479788551	74.92174994154468
193	64.37687752353371	0.643768775235337	15.471855522904418	309.43711045808834	49.00987572932657	49.00987572932657	74.92594278412457
194	64.38016593900879	0.6438016593900879	15.465598084656087	309.3119616931217	49.018376357394295	49.018376357394295	74.90258786320261
195	64.37478454054872	0.6437478454054871	15.45971814966211	309.19436299324224	49.014544379375494	49.014544379375494	74.87746768679276
196	64.37839445174228	0.6437839445174228	15.469780729067224	309.3956145813445	49.002911843928736	49.002911843928736	74.91478730048077
197	64.37726167707376	0.6437726167707376	15.47075609184922	309.4151218369844	48.99782668509713	48.99782668509713	74.91762089579221
198	64.38200944199143	0.6438200944199143	15.46753224425217	309.35064488504344	49.00357191050159	49.00357191050159	74.90569065759254
199	64.37601604609574	0.6437601604609574	15.46220752491081	309.2441504982162	49.01166233914766	49.01166233914766	74.88636075082158
200	64.37706413670298	0.6437706413670299	15.468491783498674	309.3698356699735	49.00862112076277	49.00862112076277	74.91178106122352
201	64.37598456107864	0.6437598456107864	15.460971588163604	309.2194317632721	49.014134882316554	49.014134882316554	74.8819025024911
202	64.37905777438893	0.6437905777438893	15.46475203219394	309.2950406438788	49.00697198935798	49.00697198935798	74.89549135621212
203	64.37821291839273	0.6437821291839273	15.461795409191602	309.23590818383207	49.012732861165176	49.012732861165176	74.88558302438544
204	64.3785636624951	0.643785636624951	15.467544243497569	309.35088486995136	49.01337475803046	49.01337475803046	74.90951544107456
205	64.38155669759792	0.6438155669759792	15.462735352260403	309.2547070452081	49.000026215780935	49.000026215780935	74.88494538148032
206	64.37978699463335	0.6437978699463335	15.463252513060063	309.2650502612013	49.01278412595452	49.01278412595452	74.89148726812414
207	64.3784633122128	0.6437846331221281	15.4647358965995	309.29471793199	49.00397612778213	49.00397612778213	74.89431402279853
208	64.37954216989189	0.6437954216989189	15.460537965055217	309.2107593011043	49.00497793615423	49.00497793615423	74.8775247382857
209	64.37709410787362	0.6437709410787362	15.467368634445334	309.34737268890666	49.014611885084214	49.014611885084214	74.90888292888586
210	64.37573019528517	0.6437573019528517	15.462509802312747	309.2501960462549	49.01401450505813	49.01401450505813	74.88856915048083
211	64.37711975344325	0.6437711975344326	15.464071221013713	309.2814244202743	49.00585585103832	49.00585585103832	74.89261700952088
212	64.37671883865961	0.6437671883865962	15.463157063740919	309.2631412748184	49.011779843194	49.011779843194	74.89041985566644
213	64.38164090083845	0.6438164090083845	15.464093369866974	309.2818673973395	49.00458923669093	49.00458923669093	74.8916543946895
214	64.37667177185699	0.64376671771857	15.464520429122759	309.2904085824552	49.006385823464555	49.006385823464555	74.89468408828836
215	64.37811969767183	0.6437811969767183	15.468850354659834	309.37700709319665	49.01244042289374	49.01244042289374	74.91374465841746
216	64.37462138484918	0.6437462138484918	15.466966687719415	309.3393337543883	49.012824028162825	49.012824028162825	74.90656320539485
217	64.38119335984237	0.6438119335984237	15.468863499334006	309.3772699866801	48.99717053198622	48.99717053198622	74.90952291604187
218	64.3820407154362	0.6438204071543621	15.465548930422946	309.3109786084589	49.00823531880767	49.00823531880767	74.89908712266151
219	64.38260728272179	0.6438260728272179	15.461659900425339	309.23319800850675	49.009409859166006	49.009409859166006	74.88325289910921
220	64.37754803839734	0.6437754803839734	15.466466061963574	309.3293212392715	49.00541396332178	49.00541396332178	74.9018643254573
221	64.37836695739851	0.6437836695739851	15.467088786697012	309.34177573394027	49.016406409443576	49.016406409443576	74.90847784409654
222	64.3808759080313	0.643808759080313	15.466357407525615	309.3271481505123	49.01256265473263	49.01256265473263	74.90372332689448
223	64.37963004775403	0.6437963004775403	15.46762456024378	309.3524912048756	49.0166131311038	49.0166131311038	74.91017774958122
224	64.37993887705356	0.6437993887705357	15.462661917174907	309.25323834349814	49.01756113253822	49.01756113253822	74.88992452329826
225	64.37522253163709	0.6437522253163709	15.46178924471875	309.235784894375	49.005961788876654	49.005961788876654	74.88271507173603
226	64.37516491910351	0.6437516491910351	15.463634489577661	309.2726897915532	49.01444658676176	49.01444658676176	74.89333129459123
227	64.38284235549331	0.6438284235549331	15.461322197551313	309.2264439510263	49.01148367853599	49.01148367853599	74.88255521766919
228	64.37737108050257	0.6437737108050258	15.467585901272592	309.3517180254519	49.00776560716007	49.00776560716007	74.9073815376112
229	64.38135178242679	0.6438135178242679	15.463338818041251	309.266776360825	49.00962044360146	49.00962044360146	74.89058046844382
230	64.38029066298976	0.6438029066298977	15.463009295973794	309.2601859194759	49.00991655301672	49.00991655301672	74.88899359546538
231	64.37839200588853	0.6437839200588853	15.462043061423469	309.2408612284694	49.0036389373995	49.0036389373995	74.88342854795273
232	64.37508422074222	0.6437508422074223	15.463438185908744	309.2687637181749	49.01519541643037	49.01519541643037	74.89276420695926
233	64.38178642799899	0.6438178642799899	15.471178534844649	309.42357069689297	48.997015490147916	48.997015490147916	74.91843929589831
234	64.37705501495735	0.6437705501495735	15.464433685716322	309.2886737143265	49.01792040543331	49.01792040543331	74.89812685971846
235	64.38338846805233	0.6438338846805233	15.470094666544474	309.4018933308895	49.01002305880731	49.01002305880731	74.91823156062567
236	64.3813040872214	0.6438130408722139	15.461839636050154	309.2367927210031	49.014170670048244	49.014170670048244	74.8851586533573
237	64.38017569701753	0.6438017569701754	15.468858354056216	309.3771670811243	49.004591481509294	49.004591481509294	74.911183540413
238	64.38227438697453	0.6438227438697454	15.463193812185319	309.26387624370636	49.010824273855306	49.010824273855306	74.88994969060133
239	64.37904092647403	0.6437904092647403	15.466358478611255	309.3271695722251	49.021842822885965	49.021842822885965	74.90636059105009
240	64.38145526356703	0.6438145526356703	15.463067029038314	309.2613405807663	49.01407155103362	49.01407155103362	74.89050892871494
241	64.38211740018674	0.6438211740018674	15.463075340950578	309.2615068190116	49.00300134174748	49.00300134174748	74.88670704841562
242	64.38302421670416	0.6438302421670415	15.465373474103231	309.3074694820646	49.012405838337344	49.012405838337344	74.89997095988815
243	64.37630962869079	0.643763096286908	15.471479099254838	309.4295819850968	49.01631763339183	49.01631763339183	74.92608861618807
244	64.37922671707625	0.6437922671707625	15.467388276071292	309.34776552142586	49.007860923299475	49.007860923299475	74.90620247695777
245	64.38429741640545	0.6438429741640544	15.460989454499634	309.2197890899927	49.01083895764898	49.01083895764898	74.88108902544369
246	64.3834068247856	0.6438340682478559	15.464528490609611	309.29056981219225	49.007562040257696	49.007562040257696	74.89400349008677
247	64.38234470244822	0.6438234470244822	15.470293274881186	309.4058654976237	49.01853780888555	49.01853780888555	74.92152997742588
248	64.38354888381825	0.6438354888381825	15.467980258522312	309.35960517044623	49.00736865246028	49.00736865246028	74.90876720956946
249	64.38566901618834	0.6438566901618835	15.469027845922309	309.3805569184462	49.01038216400065	49.01038216400065	74.91406096471705
250	64.38394325103482	0.6438394325103483	15.459616267978262	309.19232535956525	49.012898930704075	49.012898930704075	74.87586706495965
251	64.38265329159825	0.6438265329159825	15.46057203885366	309.2114407770732	49.02303890087066	49.02303890087066	74.88300785017624
252	64.38332047176524	0.6438332047176525	15.458747602234643	309.1749520446929	49.01019348183883	49.01019348183883	74.87142057344283
253	64.38437758364292	0.6438437758364292	15.464620038107592	309.29240076215183	49.010731653568406	49.010731653568406	74.89563212394695
254	64.3874953473995	0.6438749534739949	15.463399213837729	309.2679842767546	49.0128978141413	49.0128978141413	74.89094172641208
255	64.38326057277921	0.6438326057277921	15.463754355892139	309.27508711784276	49.01143463133677	49.01143463133677	74.892273645549
256	64.3805138755686	0.643805138755686	15.46000053325054	309.2000106650108	49.017669555399586	49.017669555399586	74.87844681884025
257	64.38589760116227	0.6438589760116227	15.456357398409294	309.12714796818585	49.01211140267785	49.01211140267785	74.8616688477695
258	64.37947504269542	0.6437947504269542	15.468169232335658	309.36338464671314	49.0141699634334	49.0141699634334	74.91121901556468
259	64.3859127972247	0.6438591279722471	15.468631299866466	309.37262599732935	48.99800339220731	48.99800339220731	74.90771220146095
260	64.3853823104286	0.643853823104286	15.4684368859673	309.368737719346	49.02100659907197	49.02100659907197	74.91410992337093
261	64.38780706478767	0.6438780706478767	15.46777580095531	309.35551601910623	49.01480417960924	49.01480417960924	74.90968841750271
262	64.38468619297319	0.643846861929732	15.46426911648939	309.2853823297878	49.014408215703945	49.014408215703945	74.89524757962607
263	64.38452581440625	0.6438452581440625	15.468427507556623	309.36855015113247	49.0134891551886	49.0134891551886	74.91214726483436
264	64.39215355359362	0.6439215355359361	15.463831802299973	309.27663604599945	49.00194434562673	49.00194434562673	74.88928301194224
265	64.3856599781185	0.643856599781185	15.466629518960488	309.33259037920976	49.02099125550584	49.02099125550584	74.90702927461099
266	64.38938726436741	0.6438938726436741	15.47158244042308	309.4316488084616	49.00715209000181	49.00715209000181	74.92299377022151
267	64.38535151248725	0.6438535151248724	15.464712153030222	309.29424306060446	49.01349750102634	49.01349750102634	74.89660476161038
268	64.3869716483798	0.643869716483798	15.46607212958729	309.32144259174584	49.004913360131226	49.004913360131226	74.8995083616545
269	64.38722075487007	0.6438722075487008	15.468909723459188	309.37819446918377	49.01753198846341	49.01753198846341	74.91516069777288
270	64.38482862759624	0.6438482862759624	15.462422950783697	309.2484590156739	49.01608720015202	49.01608720015202	74.88802934863934
271	64.38757712883663	0.6438757712883663	15.462976277189103	309.25952554378205	49.01322455162293	49.01322455162293	74.88885145942395
272	64.38838330796051	0.6438838330796051	15.46136032119481	309.2272064238962	49.012759813734455	49.012759813734455	74.88234857010656
273	64.38752110586688	0.6438752110586689	15.471181325819561	309.4236265163912	49.01305024579517	49.01305024579517	74.92363273082815
274	64.3885041202252	0.6438850412022521	15.463788090514077	309.27576181028155	49.01569664311729	49.01569664311729	74.89320059641337
275	64.39056479659801	0.6439056479659802	15.461521182864793	309.2304236572959	49.01515858898588	49.01515858898588	74.88356052365401
276	64.39137240801463	0.6439137240801464	15.467083353208082	309.34166706416164	49.01635711504572	49.01635711504572	74.90741613515563
277	64.39050519525499	0.6439050519525499	15.469171665231531	309.3834333046306	49.00937867527298	49.00937867527298	74.91332894007762
278	64.38921472958114	0.6438921472958115	15.467300058842723	309.34600117685443	49.000202934912046	49.000202934912046	74.90246654222751
279	64.39026141367316	0.6439026141367316	15.46319055146184	309.2638110292368	49.00566431784205	49.00566431784205	74.8878341001198
280	64.39206086319645	0.6439206086319645	15.467616177447399	309.352323548948	49.00072857310116	49.00072857310116	74.90435249854632
281	64.38853002315625	0.6438853002315625	15.465764890717843	309.3152978143569	49.00527666463849	49.00527666463849	74.89824129232045
282	64.39131451169159	0.6439131451169159	15.467338776454515	309.3467755290903	49.01469013423043	49.01469013423043	74.90724469065799
283	64.39072976318468	0.6439072976318468	15.460823197547198	309.21646395094393	49.000821050929744	49.000821050929744	74.87608772402314
284	64.3891756665142	0.6438917566651421	15.460269903471874	309.2053980694375	49.00999055684712	49.00999055684712	74.87661584625675
285	64.39664904992146	0.6439664904992146	15.461231863495943	309.22463726991884	49.00739847403624	49.00739847403624	74.87991397049883
286	64.38916350863433	0.6438916350863433	15.467099183921354	309.3419836784271	49.01613938030783	49.01613938030783	74.90686756450529
287	64.39377350043847	0.6439377350043847	15.462489238017964	309.24978476035926	49.01270534396525	49.01270534396525	74.88681621479265
288	64.39212499192891	0.6439212499192891	15.460799501619721	309.2159900323944	49.014914093877806	49.014914093877806	74.88055097852383
289	64.3893350561271	0.643893350561271	15.471735286498921	309.4347057299784	49.016107690613495	49.016107690613495	74.92603799159957
290	64.39515559368101	0.6439515559368101	15.463255763984758	309.2651152796952	49.00871235073727	49.00871235073727	74.88825521926906
291	64.39462554661965	0.6439462554661965	15.470905186247188	309.41810372494376	49.00160639493035	49.00160639493035	74.91773873829614
292	64.39266167345664	0.6439266167345664	15.462195591869396	309.24391183738794	49.013527477963926	49.013527477963926	74.88581214472698
293	64.39151803560104	0.6439151803560104	15.467134070214238	309.34268140428475	49.00593624356312	49.00593624356312	74.9034391395415
294	64.39252869028351	0.6439252869028351	15.470676206249378	309.41352412498753	49.01080379940307	49.01080379940307	74.91965604778675
295	64.39518220373128	0.6439518220373128	15.466567159381036	309.33134318762075	49.0148437430446	49.0148437430446	74.90424353336302
