#	Epoch	E	E*lambda_E	rho	rho*lambda_rho	ae	ae*lambda_ae	total
0	6.434236984014966	0.06434236984014965	16.496202468730033	329.92404937460066	60.06656013303129	60.06656013303129	84.57152132355583
1	7.41426372829475	0.0741426372829475	16.482257713522284	329.6451542704457	59.858115635625694	59.858115635625694	84.42211587786076
2	9.659400352423617	0.09659400352423618	16.45953188010804	329.19063760216085	59.2568972541306	59.2568972541306	84.09760427005641
3	10.845902980686473	0.10845902980686473	16.440839300337387	328.81678600674775	58.59887596476863	58.59887596476863	83.77836233487764
4	12.024045513092673	0.12024045513092674	16.41848175483079	328.3696350966158	58.04969646250471	58.04969646250471	83.47064688986438
5	13.799284519562256	0.13799284519562258	16.387783757403355	327.7556751480671	57.71772829938029	57.71772829938029	83.18723966878237
6	16.057980250036394	0.16057980250036394	16.374783298637126	327.49566597274253	56.984879977390406	56.984879977390406	82.86173836215337
7	17.535534720852677	0.17535534720852677	16.354929455485024	327.09858910970047	56.49624935728529	56.49624935728529	82.58650898609886
8	19.953146507407762	0.19953146507407762	16.332689181510837	326.6537836302167	56.088098446273804	56.088098446273804	82.31464612526109
9	23.333639700671355	0.23333639700671355	16.299097026246358	325.98194052492715	55.85680975047502	55.85680975047502	82.02313028020035
10	25.550583256089464	0.25550583256089465	16.281001016992217	325.62002033984436	55.19076310271247	55.19076310271247	81.6932611376191
11	26.983341054641976	0.26983341054641974	16.262469274227207	325.2493854845442	54.7763463042652	54.7763463042652	81.43089340618755
12	30.858169138321017	0.3085816913832102	16.233765272863003	324.67530545726004	54.34959372787354	54.34959372787354	81.10511686610116
13	33.155364670771725	0.33155364670771725	16.21018751634878	324.2037503269756	53.992550472382135	53.992550472382135	80.82097564608306
14	36.795815931323105	0.36795815931323106	16.1818746647155	323.63749329431005	53.57097066213483	53.57097066213483	80.48500025383215
15	41.42938491764553	0.4142938491764553	16.15666099770936	323.1332199541872	53.144894170944774	53.144894170944774	80.15029867933188
16	45.42401031863439	0.4542401031863439	16.123570427225637	322.47140854451277	53.27412191927844	53.27412191927844	79.90941213407302
17	50.179105491060426	0.5017910549106043	16.091614519562196	321.83229039124393	52.838049691183784	52.838049691183784	79.51280437049147
18	52.73637043779643	0.5273637043779643	16.068321478527164	321.3664295705433	52.248567455109296	52.248567455109296	79.17316238110436
19	59.233790498713226	0.5923379049871322	16.04547570718564	320.90951414371284	52.48741339755845	52.48741339755845	78.94614033773793
20	62.2424049073441	0.6224240490734411	16.020931101701933	320.41862203403866	51.88533874955513	51.88533874955513	78.58230874368515
21	65.9649838154054	0.6596498381540541	16.00182177073331	320.03643541466624	51.86711513920362	51.86711513920362	78.33178557423874
22	69.31041189425703	0.6931041189425703	15.983491212959933	319.66982425919866	51.99574105891636	51.99574105891636	78.08883297989642
23	72.06022159249261	0.7206022159249261	15.962249577459183	319.2449915491836	51.54676187098865	51.54676187098865	77.80852327415296
24	74.0591135891112	0.740591135891112	15.937142380042488	318.74284760084976	51.49863763568769	51.49863763568769	77.59405076275169
25	77.52615326667109	0.7752615326667109	15.921727617959426	318.4345523591885	51.79821988310511	51.79821988310511	77.38909606363731
26	81.65903742213919	0.8165903742213919	15.908873352474046	318.1774670494809	51.85945779134853	51.85945779134853	77.19910699275052
27	83.32325754352262	0.8332325754352262	15.88699848738898	317.7399697477796	51.686452022882875	51.686452022882875	77.01213021291728
28	85.673910585703	0.85673910585703	15.8605703726429	317.211407452858	51.47899397672268	51.47899397672268	76.82054434158665
29	75.20273664900073	0.7520273664900072	15.82454341785301	316.4908683570602	51.07264986088229	51.07264986088229	76.82233617598669
30	75.50723891179227	0.7550723891179227	15.799086398600844	315.98172797201687	50.90293914643857	50.90293914643857	76.6975261408498
31	76.43203670820456	0.7643203670820456	15.782614477058459	315.6522895411692	50.7711676683673	50.7711676683673	76.5299362781301
32	78.4332842549284	0.7843328425492839	15.7693343957771	315.386687915542	50.7709091481759	50.7709091481759	76.38242799788166
33	81.41156646822945	0.8141156646822946	15.74096559067019	314.8193118134038	50.94112657978473	50.94112657978473	76.20827403193026
34	81.62361214545396	0.8162361214545396	15.718529574919742	314.37059149839484	50.97482480243413	50.97482480243413	76.0258165968189
35	82.28548693382999	0.8228548693382999	15.690899541139503	313.8179908227901	50.8497055728867	50.8497055728867	75.87016056938768
36	82.58324592436541	0.8258324592436541	15.654476798863017	313.08953597726037	51.14936310265885	51.14936310265885	75.64427690243856
37	85.40531764863955	0.8540531764863956	15.631218532341943	312.6243706468389	51.02549874665369	51.02549874665369	75.43078943505886
38	86.51500146878962	0.8651500146878962	15.747997293325586	314.9599458665117	59.33890400053599	59.33890400053599	78.79335887106114
39	73.55181850736214	0.7355181850736214	15.627436403624126	312.5487280724825	49.845075619244305	49.845075619244305	75.63526653430633
40	69.4536291645571	0.694536291645571	15.625182224948443	312.50364449896887	49.53567277890138	49.53567277890138	75.70379284048882
41	69.70006825823795	0.6970006825823795	15.61232487916614	312.2464975833228	49.46571104475988	49.46571104475988	75.6209656029226
42	70.19977273308773	0.7019977273308773	15.614738883815406	312.2947776763081	49.461808582166555	49.461808582166555	75.60784452537911
43	71.22935287993158	0.7122935287993158	15.598251079963044	311.96502159926087	49.58341123506787	49.58341123506787	75.52463364790475
44	71.43254748332443	0.7143254748332443	15.583994745513527	311.67989491027055	49.50893730954642	49.50893730954642	75.42581103211623
45	72.21424979173574	0.7221424979173574	15.581005600810116	311.6201120162023	49.52700639683033	49.52700639683033	75.3854769243894
46	72.4024339123213	0.724024339123213	15.564406523630174	311.2881304726035	49.522665537733644	49.522665537733644	75.29106708680713
47	73.17215358756461	0.7317215358756461	15.556322920115816	311.1264584023163	49.502403152462946	49.502403152462946	75.23142162385392
48	73.42796948633318	0.7342796948633319	15.54570617371517	310.9141234743034	49.469868115428206	49.469868115428206	75.1528624813782
49	74.32814609230486	0.7432814609230486	15.533079493747314	310.6615898749463	49.47694317808327	49.47694317808327	75.07575619582617
50	74.7654600780835	0.7476546007808351	15.52757807414888	310.5515614829776	49.53539262826317	49.53539262826317	75.0280340865929
51	75.1472150364132	0.7514721503641321	15.519398565221467	310.38797130442936	49.54066226013015	49.54066226013015	74.96987914455761
52	76.1515416363586	0.761515416363586	15.507389235585173	310.1477847117035	49.57321757946842	49.57321757946842	74.89509655988734
53	76.2120977875061	0.762120977875061	15.492866050879183	309.8573210175837	49.54766974007127	49.54766974007127	74.80920744549306
54	77.0674524014211	0.770674524014211	15.486866755762392	309.73733511524784	49.61028518120636	49.61028518120636	74.75346194648023
55	77.7697667354527	0.7776976673545271	15.472443659941723	309.44887319883446	49.62978226550388	49.62978226550388	74.67481333095122
56	78.05745835924763	0.7805745835924763	15.46496502079134	309.2993004158268	49.59574045535256	49.59574045535256	74.61039938849088
57	78.58281145225791	0.7858281145225792	15.454693954934676	309.0938790986935	49.60011786318231	49.60011786318231	74.54773511625655
58	78.63779896226035	0.7863779896226035	15.444868379096746	308.89736758193493	49.597106906983484	49.597106906983484	74.48543923458642
59	79.26142757625753	0.7926142757625754	15.435865528014052	308.717310560281	49.66557310261431	49.66557310261431	74.41991135286143
60	79.59914794233457	0.7959914794233457	15.426085331837086	308.5217066367417	49.61475391070925	49.61475391070925	74.35306380872758
61	80.44049344862161	0.8044049344862161	15.42127120478264	308.4254240956528	49.644584207653224	49.644584207653224	74.30355269750386
62	80.47055773538328	0.8047055773538329	15.405254962470538	308.1050992494108	49.67271364289452	49.67271364289452	74.216849309383
63	81.2324906156751	0.812324906156751	15.397314332009119	307.9462866401824	49.67251361076	49.67251361076	74.16014572886694
64	80.99966533091386	0.8099966533091386	15.386176215338025	307.7235243067605	49.62471286838683	49.62471286838683	74.09100902469892
65	81.4428461422647	0.814428461422647	15.37895257423579	307.5790514847158	49.60034223356085	49.60034223356085	74.0344475510802
66	82.22597202067637	0.8222597202067636	15.373164192330442	307.4632838466089	49.76831535582989	49.76831535582989	73.99377902460823
67	82.6473468620448	0.826473468620448	15.359321657702433	307.18643315404864	49.733208245403326	49.733208245403326	73.90530151492167
68	82.45532050186172	0.8245532050186172	15.346953163397886	306.93906326795775	49.6897669666762	49.6897669666762	73.83427505193215
69	82.57269168685755	0.8257269168685756	15.34379476693058	306.8758953386116	49.657002847702806	49.657002847702806	73.79594691121639
70	83.04230221244245	0.8304230221244245	15.33811393062539	306.76227861250777	49.72590034831843	49.72590034831843	73.74427035099195
71	83.52646197967712	0.8352646197967712	15.318218767561394	306.36437535122786	49.718967837014596	49.718967837014596	73.65185626173746
72	83.91382749983332	0.8391382749983332	15.31060267470377	306.2120534940754	49.703739810233614	49.703739810233614	73.58565663276518
73	84.52110617724968	0.8452110617724968	15.301513990339597	306.03027980679195	49.774778504864805	49.774778504864805	73.5261859802312
74	84.46978388411512	0.8446978388411512	15.294167806035043	305.88335612070085	49.74734556596531	49.74734556596531	73.47361677464885
75	84.60154636860527	0.8460154636860527	15.283600479540846	305.6720095908169	49.76050372026955	49.76050372026955	73.41381083488845
76	84.28185547828564	0.8428185547828564	16.03960859128758	320.79217182575155	49.74651643526203	49.74651643526203	76.56830327982375
77	82.65669471018555	0.8265669471018555	16.00342514267796	320.06850285355915	49.71882626039847	49.71882626039847	76.44017088925152
78	78.11241907984892	0.7811241907984892	15.26409638283935	305.281927656787	49.43030964840978	49.43030964840978	73.42205216875291
79	78.0442832475058	0.7804428324750581	15.262248899917543	305.24497799835086	49.41183743613472	49.41183743613472	73.40308860472621
80	78.34711265408738	0.7834711265408738	15.249131266837184	304.9826253367437	49.38801303163717	49.38801303163717	73.32520274320152
81	78.86805309811162	0.7886805309811162	15.24154531456493	304.83090629129856	49.419073323998894	49.419073323998894	73.25729203692728
82	80.18844000713568	0.8018844000713569	15.231300515395578	304.62601030791154	49.531737825916395	49.531737825916395	73.18895211347245
83	80.54044224533297	0.8054044224533297	15.227313541576017	304.54627083152036	49.522207176883136	49.522207176883136	73.14007674148401
84	76.67320041437	0.7667320041437	14.242818725932311	284.85637451864625	49.59515061537835	49.59515061537835	69.55997627159712
