#idx 	 atoms.symbols 	 etot  (Har) 	 ehf  (Har) 	 eccsd  (Har) 	 eccsdt  (Har) 
0 	 H2 	 -1.1723488865668206 	 -1.1329750380544215 	 -1.1723488865668206 	 0.0 
1 	 N2 	 -109.41916243018873 	 -108.98145828031498 	 -109.39987190497526 	 -0.019290525213473998 
2 	 LiF 	 -107.30594220504797 	 -106.97904009260698 	 -107.297402919001 	 -0.00853928604696921 
3 	 CNH 	 -93.32175404633888 	 -92.90747111697671 	 -93.30314307963951 	 -0.018610966699363754 
4 	 CO2 	 -188.40175875056607 	 -187.70593653947031 	 -188.37186545900371 	 -0.02989329156237261 
5 	 Cl2 	 -919.5958911885641 	 -918.9833433013639 	 -919.5753743043449 	 -0.020516884219198665 
6 	 F2 	 -199.33646597476576 	 -198.74547879718114 	 -199.31762780726322 	 -0.018838167502542018 
7 	 C2H2 	 -77.23364709931926 	 -76.8485833183292 	 -77.21658997335008 	 -0.017057125969167357 
8 	 OC 	 -113.20173021651497 	 -112.77919908243712 	 -113.18400910892805 	 -0.017721107586922094 
9 	 ClH 	 -460.4234538667479 	 -460.10036331070626 	 -460.41426841855184 	 -0.009185448196058307 
10 	 LiH 	 -8.038079906478378 	 -7.986101896988333 	 -8.037999588659028 	 -8.031781934966392e-05 
11 	 Na2 	 -324.03216786711033 	 -323.69101743758876 	 -324.0275937699263 	 -0.004574097184067699 
12 	 C 	 -37.79908296667828 	 -37.69025250742051 	 -37.796818478803026 	 -0.002264487875248464 
13 	 Cl 	 -459.7548399975844 	 -459.4771934240405 	 -459.7480187483306 	 -0.0068212492537668866 
14 	 F 	 -99.64090370770167 	 -99.40180901601875 	 -99.63670732274578 	 -0.00419638495588458 
15 	 H 	 -0.49981791563041983 	 -0.49981791563041983 	 -0.49981791563041983 	 None 
16 	 Li 	 -7.44759671208199 	 -7.432026884831443 	 -7.4475794512211015 	 -1.7260860888329215e-05 
17 	 N 	 -54.53396413910461 	 -54.398892478974176 	 -54.531454162150155 	 -0.0025099769544550277 
18 	 Na 	 -162.00214355971502 	 -161.8459827232219 	 -162.00050764069576 	 -0.001635919019257663 
19 	 O 	 -74.99416120454065 	 -74.8093401342919 	 -74.99083919612066 	 -0.0033220084199858486 
20 	 NO 	 -129.5325870384829 	 -129.1096575435654 	 -129.5172789461681 	 -0.015308092314796068 
21 	 NO2 	 -204.87297985889327 	 -204.1068815598261 	 -204.8353393036308 	 -0.03764055526247109 
22 	 NH 	 -55.16304810830722 	 -54.9804839760525 	 -55.15887566420988 	 -0.00417244409734062 
23 	 O3 	 -225.20206708569827 	 -224.34193393128987 	 -225.15476839697192 	 -0.047298688726346225 
24 	 N2O 	 -184.47901445769764 	 -183.74668106113288 	 -184.44219987998147 	 -0.03681457771616238 
25 	 CH3 	 -39.78388688523686 	 -39.57690659127848 	 -39.77885428311159 	 -0.005032602125266178 
26 	 CH2 	 -39.099742304510045 	 -38.93684793661046 	 -39.09609666621325 	 -0.003645638296793218 
27 	 OH2 	 -76.36040173563967 	 -76.058048771391 	 -76.35195486807653 	 -0.008446867563138094 
28 	 NH3 	 -56.49996876041747 	 -56.218511979925246 	 -56.49167740020959 	 -0.008291360207878405 
29 	 OH 	 -75.66221512476179 	 -75.4185228106188 	 -75.6564845883137 	 -0.005730536448083572 
