#idx 	 atoms.symbols 	 etot  (Har) 	 ehf  (Har) 	 eccsd  (Har) 	 eccsdt  (Har) 
0 	 H2 	 -1.1723488865668201 	 -1.1329750380544206 	 -1.1723488865668201 	 0.0 
1 	 N2 	 -109.41916243018892 	 -108.9814582803151 	 -109.39987190497544 	 -0.019290525213472208 
2 	 LiF 	 -107.30594220504794 	 -106.97904009260695 	 -107.29740291900097 	 -0.008539286046969099 
3 	 CNH 	 -93.32175404633911 	 -92.90747111697694 	 -93.30314307963974 	 -0.018610966699363587 
4 	 CO2 	 -188.40175875056622 	 -187.70593653947043 	 -188.37186545900386 	 -0.02989329156237155 
5 	 C 	 -37.79908296667826 	 -37.690252507420496 	 -37.79681847880301 	 -0.0022644878752484335 
6 	 F 	 -99.64090370770168 	 -99.40180901601876 	 -99.63670732274579 	 -0.004196384955884572 
7 	 H 	 -0.49981791563042 	 -0.49981791563042 	 -0.49981791563042 	 None 
8 	 Li 	 -7.447596712081989 	 -7.432026884831442 	 -7.447579451221101 	 -1.7260860888329144e-05 
9 	 N 	 -54.533964139104654 	 -54.39889247897422 	 -54.5314541621502 	 -0.0025099769544550425 
10 	 O 	 -74.99416120454063 	 -74.80934013429189 	 -74.99083919612065 	 -0.0033220084199858616 
