#idx 	 atoms.symbols 	 etot  (Har) 	 ehf  (Har) 	 eccsd  (Har) 	 eccsdt  (Har) 
0 	 H2 	 -1.1723488865668201 	 -1.1329750380544206 	 -1.1723488865668201 	 0.0 
1 	 N2 	 -109.41916243018903 	 -108.98145828031521 	 -109.39987190497556 	 -0.019290525213472163 
2 	 LiF 	 -107.30594220504787 	 -106.9790400926069 	 -107.2974029190009 	 -0.008539286046969213 
3 	 CNH 	 -93.32175404633894 	 -92.90747111697677 	 -93.30314307963957 	 -0.018610966699364084 
4 	 C 	 -37.79908296667826 	 -37.690252507420496 	 -37.79681847880301 	 -0.002264487875248429 
5 	 F 	 -99.64090370770164 	 -99.40180901601872 	 -99.63670732274575 	 -0.004196384955884578 
6 	 H 	 -0.4998179156304198 	 -0.4998179156304198 	 -0.4998179156304198 	 None 
7 	 Li 	 -7.447596712081986 	 -7.43202688483144 	 -7.447579451221098 	 -1.7260860888329117e-05 
8 	 N 	 -54.53396413910465 	 -54.39889247897422 	 -54.53145416215019 	 -0.002509976954454164 
9 	 OH 	 -75.66226710345315 	 -75.41883529012945 	 -75.65656750652822 	 -0.005699596924922343 
10 	 N2 	 -109.41912915450887 	 -108.98179276765507 	 -109.39990256458216 	 -0.019226589926696777 
11 	 HON2 	 -184.94901512780945 	 -184.20368512300104 	 -184.91194849453458 	 -0.03706663327486425 
12 	 OH 	 -75.662267103453 	 -75.41883529012932 	 -75.65656750652808 	 -0.005699596924922374 
13 	 CH3 	 -39.78390619967433 	 -39.577049698068166 	 -39.778894893265694 	 -0.0050113064086364295 
14 	 CH4O 	 -115.43257745801931 	 -114.96604160932576 	 -115.41906901325507 	 -0.013508444764243042 
15 	 FH 	 -100.3647418491967 	 -100.05733758826288 	 -100.35752532660582 	 -0.007216522590876825 
16 	 F 	 -99.64090370770164 	 -99.40180901601872 	 -99.63670732274575 	 -0.004196384955884573 
17 	 HF2 	 -199.8334702446964 	 -199.26064260365436 	 -199.81370468507 	 -0.019765559626390275 
18 	 C 	 -37.38742144460842 	 -37.29300984529959 	 -37.385998787852294 	 -0.0014226567561263072 
19 	 C 	 -37.799082966678306 	 -37.69025250742054 	 -37.796818478803054 	 -0.002264487875248438 
20 	 Li 	 -7.250799513243342 	 -7.235839582260131 	 -7.250799513243342 	 0.0 
21 	 Li 	 -7.447596712081989 	 -7.432026884831442 	 -7.447579451221101 	 -1.726086088832901e-05 
