#idx 	 atoms.symbols 	 etot  (Har) 	 ehf  (Har) 	 eccsd  (Har) 	 eccsdt  (Har) 
0 	 H2 	 -1.1723488865668206 	 -1.132975038054421 	 -1.1723488865668206 	 0.0 
1 	 N2 	 -109.4191624301889 	 -108.98145828031518 	 -109.39987190497543 	 -0.019290525213474987 
2 	 LiF 	 -107.30594220504787 	 -106.97904009260688 	 -107.2974029190009 	 -0.008539286046969229 
3 	 CNH 	 -93.32175404633908 	 -92.90747111697691 	 -93.30314307963971 	 -0.018610966699363508 
4 	 CO2 	 -188.4017587505661 	 -187.70593653947037 	 -188.37186545900374 	 -0.02989329156237112 
5 	 Cl2 	 -919.5958911885634 	 -918.9833433013632 	 -919.5753743043442 	 -0.020516884219198315 
6 	 F2 	 -199.3364659747657 	 -198.74547879718102 	 -199.31762780726316 	 -0.01883816750254204 
7 	 O2 	 -150.15857450447564 	 -149.644244948105 	 -150.13695260107318 	 -0.021621903402469736 
8 	 C2H2 	 -77.23364709931931 	 -76.84858331832925 	 -77.21658997335015 	 -0.01705712596915956 
9 	 OC 	 -113.20173021651506 	 -112.7791990824372 	 -113.18400910892814 	 -0.01772110758692147 
10 	 ClH 	 -460.42345386674776 	 -460.1003633107061 	 -460.4142684185517 	 -0.009185448196058304 
11 	 LiH 	 -8.038079906478377 	 -7.986101896988331 	 -8.037999588659027 	 -8.031781934966518e-05 
12 	 Na2 	 -324.0321678671101 	 -323.69101743758847 	 -324.02759376992606 	 -0.004574097184067531 
13 	 C 	 -37.799082966678306 	 -37.69025250742054 	 -37.796818478803054 	 -0.0022644878752484266 
14 	 Cl 	 -459.75483999758495 	 -459.47719342404105 	 -459.74801874833116 	 -0.006821249253766882 
15 	 F 	 -99.64090370770172 	 -99.40180901601882 	 -99.63670732274583 	 -0.004196384955884608 
16 	 H 	 -0.4998179156304199 	 -0.4998179156304199 	 -0.4998179156304199 	 None 
17 	 Li 	 -7.447596712081989 	 -7.432026884831442 	 -7.447579451221101 	 -1.7260860888329225e-05 
18 	 N 	 -54.53396413910464 	 -54.398892478974204 	 -54.53145416215018 	 -0.002509976954454319 
19 	 Na 	 -162.00214355971494 	 -161.84598272322182 	 -162.00050764069567 	 -0.0016359190192576465 
20 	 O 	 -74.99416120454062 	 -74.80934013429187 	 -74.99083919612063 	 -0.003322008419985851 
21 	 NO 	 -129.53258703848283 	 -129.10965754356536 	 -129.51727894616803 	 -0.01530809231479512 
22 	 NO2 	 -204.87297985889361 	 -204.10688155982638 	 -204.83533930363114 	 -0.03764055526247473 
23 	 NH 	 -55.16304810830725 	 -54.980483976052525 	 -55.15887566420991 	 -0.004172444097340619 
24 	 O3 	 -225.20206708569773 	 -224.34193393128936 	 -225.1547683969714 	 -0.047298688726328086 
25 	 N2O 	 -184.47901445769787 	 -183.7466810611331 	 -184.44219987998173 	 -0.036814577716152076 
26 	 CH3 	 -39.78388688523683 	 -39.57690659127845 	 -39.77885428311156 	 -0.0050326021252662095 
27 	 CH2 	 -39.09974230450998 	 -38.936847936610405 	 -39.096096666213185 	 -0.0036456382967932415 
28 	 OH2 	 -76.36040173563954 	 -76.05804877139087 	 -76.3519548680764 	 -0.008446867563138347 
29 	 NH3 	 -56.49996876041741 	 -56.21851197992519 	 -56.49167740020953 	 -0.008291360207878528 
30 	 OH 	 -75.66221512476181 	 -75.41852281061882 	 -75.65648458831373 	 -0.005730536448083694 
31 	 CH 	 -38.43074470234003 	 -38.28060259519102 	 -38.4271197517958 	 -0.003624950544228423 
32 	 H 	 -0.4998179156304199 	 -0.4998179156304199 	 -0.4998179156304199 	 None 
33 	 N2O 	 -184.47881913601714 	 -183.7482610236058 	 -184.44239714033728 	 -0.0364219956798547 
34 	 HON2 	 -184.9490151278092 	 -184.20368512300104 	 -184.91194849453436 	 -0.037066633274826705 
35 	 OH 	 -75.6622671034531 	 -75.41883529012941 	 -75.65656750652818 	 -0.005699596924922346 
36 	 N2 	 -109.41912915450871 	 -108.98179276765498 	 -109.399902564582 	 -0.01922658992669736 
37 	 HON2 	 -184.94901512780862 	 -184.20368512300047 	 -184.91194849453385 	 -0.03706663327478849 
38 	 OH 	 -75.66226710345312 	 -75.41883529012945 	 -75.65656750652819 	 -0.005699596924922294 
39 	 CH3 	 -39.783906199674256 	 -39.577049698068095 	 -39.77889489326562 	 -0.005011306408636478 
40 	 CH4O 	 -115.43257745801945 	 -114.9660416093259 	 -115.41906901325521 	 -0.013508444764244114 
41 	 FH 	 -100.3647418491968 	 -100.057337588263 	 -100.35752532660592 	 -0.00721652259087669 
42 	 F 	 -99.64090370770175 	 -99.40180901601883 	 -99.63670732274586 	 -0.00419638495588461 
43 	 HF2 	 -199.83347024469646 	 -199.26064260365442 	 -199.81370468507006 	 -0.01976555962639045 
44 	 C 	 -37.38742144460843 	 -37.2930098452996 	 -37.3859987878523 	 -0.0014226567561263564 
45 	 C 	 -37.79908296667827 	 -37.6902525074205 	 -37.79681847880302 	 -0.0022644878752484695 
46 	 Li 	 -7.250799513243342 	 -7.235839582260131 	 -7.250799513243342 	 0.0 
47 	 Li 	 -7.447596712081986 	 -7.43202688483144 	 -7.447579451221098 	 -1.7260860888329063e-05 
