#	Epoch	E	E*lambda_E	rho	rho*lambda_rho	ae	ae*lambda_ae	total
0	6.422099453972545	0.06422099453972545	15.381823454659902	307.636469093198	60.072650274832355	60.072650274832355	80.26362968062178
1	6.949079332761713	0.06949079332761712	15.372532119737292	307.45064239474584	59.93767293476267	59.93767293476267	80.16242197570136
2	8.121673862101058	0.08121673862101059	15.354332525790845	307.0866505158169	59.25829534089707	59.25829534089707	79.81889728045505
3	9.778493025476838	0.09778493025476838	15.33519997594263	306.7039995188526	58.69106826384599	58.69106826384599	79.51678000615142
4	10.93678892339617	0.10936788923396171	15.316761874023491	306.3352374804698	58.14354458195017	58.14354458195017	79.21411476228404
5	12.946917350217332	0.12946917350217332	15.298465420120262	305.96930840240526	57.49603500298802	57.49603500298802	78.87820720625359
6	15.513465163844621	0.15513465163844622	15.274285394622227	305.48570789244457	57.120685316399346	57.120685316399346	78.60712246227132
7	17.46628636411137	0.1746628636411137	15.259856597463662	305.1971319492732	56.58221490425834	56.58221490425834	78.31478058305419
8	18.939697574145637	0.18939697574145636	15.230015539334042	304.60031078668084	56.15692426390667	56.15692426390667	77.99777712591461
9	20.792938168645716	0.20792938168645717	15.215044008419554	304.3008801683911	55.60455093186914	55.60455093186914	77.6960857867444
10	24.774899440025838	0.24774899440025838	15.192267534691108	303.8453506938222	55.37404819275732	55.37404819275732	77.44033283650118
11	26.403666397654625	0.26403666397654624	15.16740026256363	303.3480052512726	54.8106146266896	54.8106146266896	77.09770505818943
12	29.56686631872135	0.2956686631872135	15.141823283264198	302.836465665284	54.44690125288692	54.44690125288692	76.8188204973766
13	32.2001686953071	0.322001686953071	15.12224770629651	302.4449541259302	54.0826046825193	54.0826046825193	76.51096869852347
14	37.16753806177803	0.3716753806177803	15.096601336041065	301.9320267208213	53.8611860677637	53.8611860677637	76.22248632355107
15	39.47264392439764	0.3947264392439764	15.070937447636904	301.4187489527381	53.271359207439126	53.271359207439126	75.86629981104016
16	42.98841720340877	0.42988417203408774	15.060895244358202	301.217904887164	52.93130313241061	52.93130313241061	75.6093347250922
17	47.14547934689465	0.47145479346894653	15.028250947851257	300.56501895702513	52.65228143751691	52.65228143751691	75.26566869183038
18	52.44018141481869	0.5244018141481869	15.016581032764071	300.3316206552814	52.525372017473956	52.525372017473956	74.99547749764693
19	55.79814754319909	0.557981475431991	14.997023931100673	299.9404786220135	52.15479085346093	52.15479085346093	74.70069844792904
20	59.890334209112055	0.5989033420911206	14.983215378207673	299.66430756415343	52.09989270155531	52.09989270155531	74.4393657034945
21	64.31859740070978	0.6431859740070978	14.963339767967122	299.26679535934244	51.94721989242713	51.94721989242713	74.14544741432782
22	65.24415979474138	0.6524415979474137	14.94741972811222	298.9483945622444	51.60862628141866	51.60862628141866	73.90250295759895
23	69.3766259763767	0.693766259763767	14.939586025061697	298.79172050123395	51.472174448756206	51.472174448756206	73.70103012315509
24	70.84580434622498	0.7084580434622498	14.909689325398771	298.1937865079754	51.41970326356029	51.41970326356029	73.45031304926583
25	74.49325020493653	0.7449325020493653	14.91445312722104	298.2890625444208	51.352737153362675	51.352737153362675	73.30025846059428
26	77.64101933336802	0.7764101933336802	14.907363479713709	298.1472695942742	51.83484899292265	51.83484899292265	73.15995891923083
27	77.80983097594763	0.7780983097594764	14.867994410707613	297.35988821415225	51.43883808365433	51.43883808365433	72.90161577445647
28	78.26305462373946	0.7826305462373947	14.858114815998794	297.1622963199759	51.325258160190614	51.325258160190614	72.77721225889954
29	82.50690414305991	0.8250690414305991	14.855966023070497	297.1193204614099	51.58054760281265	51.58054760281265	72.671475319772
30	81.37160396819299	0.8137160396819298	14.827808002473326	296.5561600494665	51.03952159108263	51.03952159108263	72.41554368832331
31	78.91391536617093	0.7891391536617093	14.791721526533463	295.83443053066924	50.94017304072221	50.94017304072221	72.34763994418088
32	81.12382508570774	0.8112382508570773	14.760718332078362	295.21436664156727	51.165169375148224	51.165169375148224	72.1419630178337
33	80.68112228254775	0.8068112228254775	14.754570562288457	295.0914112457691	50.953167968232734	50.953167968232734	72.01553635409917
34	76.91375697659652	0.7691375697659651	14.710677577314488	294.21355154628975	50.534270479753395	50.534270479753395	71.92162403583626
35	78.17681367320917	0.7817681367320917	14.687911316854137	293.75822633708276	50.43619903175249	50.43619903175249	71.71604505325274
36	80.31726593330973	0.8031726593330973	14.663198225569792	293.26396451139584	50.75647369052519	50.75647369052519	71.5456757262239
37	83.1717606800552	0.8317176068005521	14.657277911105739	293.1455582221148	50.63979596047552	50.63979596047552	71.39891655831183
38	82.62498565492497	0.8262498565492498	14.613974056946269	292.27948113892535	50.63380263589511	50.63380263589511	71.12918522597546
39	82.81448410130925	0.8281448410130925	14.602368826678772	292.04737653357546	50.49982636567827	50.49982636567827	71.0030869642225
40	82.70919808064144	0.8270919808064144	14.568449898391783	291.36899796783564	50.512084917975955	50.512084917975955	70.81968527742572
41	69.44481794191832	0.6944481794191831	14.595962363536305	291.9192472707261	51.35005960337992	51.35005960337992	71.97643866567903
42	64.58306574952786	0.6458306574952787	14.524083067840646	290.48166135681294	49.0485509261631	49.0485509261631	71.06729690675496
43	64.87692346184406	0.6487692346184406	14.495422014097697	289.9084402819539	48.96770675007764	48.96770675007764	70.92161424908653
44	66.33558100793245	0.6633558100793245	14.510553546151405	290.2110709230281	49.056422331688	49.056422331688	70.95235055571679
45	66.80844214891596	0.6680844214891596	14.48250068264916	289.6500136529832	49.012962860583286	49.012962860583286	70.786276864424
46	67.61924646696862	0.6761924646696862	14.469787122075266	289.3957424415053	49.02267555094996	49.02267555094996	70.71264747634133
47	68.24007325482803	0.6824007325482804	14.451121007063472	289.02242014126944	48.96223592374233	48.96223592374233	70.58190636058345
48	68.89149631133456	0.6889149631133457	14.428136770184237	288.5627354036847	49.01244791872398	49.01244791872398	70.45671765712765
49	70.12458801221594	0.7012458801221594	14.435581126139681	288.7116225227936	48.969066444080106	48.969066444080106	70.44484920686315
50	70.8110782814668	0.7081107828146681	14.393725986985016	287.8745197397003	49.01604888497088	49.01604888497088	70.24572365802116
51	71.48950408274827	0.7148950408274827	14.377669009708567	287.5533801941713	48.95538814236274	48.95538814236274	70.13762591537309
52	72.26555722949857	0.7226555722949857	14.378815809352679	287.5763161870536	49.071289363034225	49.071289363034225	70.11270077351632
53	72.91269260884442	0.7291269260884442	14.365472872190656	287.30945744381313	48.995748753511364	48.995748753511364	70.00728885478912
54	73.90584512922618	0.7390584512922618	14.347570893748012	286.9514178749602	48.986669902892764	48.986669902892764	69.89907479653574
55	74.65671745468647	0.7465671745468647	14.278975029939682	285.57950059879363	48.99577414831735	48.99577414831735	69.57988204923439
56	75.77966875255278	0.7577966875255279	14.287447109727355	285.7489421945471	49.08999234055444	49.08999234055444	69.59768839622801
57	76.2024748429761	0.7620247484297611	14.214204545159966	284.2840909031993	49.057264156332174	49.057264156332174	69.25379504915887
58	77.25131001998064	0.7725131001998063	14.17484822305808	283.4969644611616	49.007034056466914	49.007034056466914	69.03444887963681
59	78.74137778311088	0.7874137778311088	14.194000513648167	283.8800102729633	49.12606798536764	49.12606798536764	69.09702216437871
60	80.17802351830743	0.8017802351830743	14.065794157515787	281.31588315031576	49.210383106436	49.210383106436	68.51246871037189
61	80.94216743610683	0.8094216743610683	14.007302315358094	280.1460463071619	49.16855383075458	49.16855383075458	68.23473830012311
62	83.37424671029076	0.8337424671029077	13.931598489772284	278.6319697954457	49.271196382710535	49.271196382710535	67.84884400975572
63	85.31290136105635	0.8531290136105635	13.990719451703947	279.81438903407894	49.470330548217156	49.470330548217156	68.05961413839644
64	86.7713384280382	0.867713384280382	13.912991812944963	278.25983625889927	49.62548671533171	49.62548671533171	67.70870006466747
65	86.92269376640304	0.8692269376640305	13.793155348898372	275.86310697796745	49.55923976526544	49.55923976526544	67.17367656688492
66	86.92510020385683	0.8692510020385683	13.756881099405806	275.1376219881161	49.537410847777565	49.537410847777565	67.00474742431095
67	86.93966260404194	0.8693966260404195	13.733163042814684	274.6632608562937	49.600468092690846	49.600468092690846	66.88846592806841
68	86.95521634540995	0.8695521634540996	13.711625147983204	274.2325029596641	49.53405992582056	49.53405992582056	66.77381871587735
69	86.89803418312745	0.8689803418312745	13.720445289928414	274.4089057985683	49.61442102538719	49.61442102538719	66.8038912074387
70	89.28967786513572	0.8928967786513572	13.77145644309431	275.4291288618862	49.69149531664912	49.69149531664912	66.9806182829694
71	89.2103602246901	0.8921036022469011	13.67638734514061	273.52774690281217	49.658598354042326	49.658598354042326	66.49396615182332
72	88.7428889840175	0.887428889840175	13.660744002108949	273.21488004217895	49.749130868516836	49.749130868516836	66.45449779246384
73	88.96844035677543	0.8896844035677544	13.699443774533794	273.98887549067587	49.895311244437316	49.895311244437316	66.60275512152279
74	89.83788387595197	0.8983788387595197	13.606334954278198	272.126699085564	49.60588927956072	49.60588927956072	66.1488252971336
75	75.14499406572898	0.7514499406572899	13.73274918106314	274.6549836212628	48.93661295877478	48.93661295877478	67.06681308239529
76	73.60302337143021	0.7360302337143021	13.656720332997716	273.1344066599543	48.77284831028018	48.77284831028018	66.75426185650845
77	74.20126342182678	0.7420126342182678	13.641576306056967	272.83152612113935	48.76730927027803	48.76730927027803	66.6555499376024
78	75.21666457110528	0.7521666457110529	13.647988445735624	272.95976891471247	48.81641882319077	48.81641882319077	66.6639298626697
79	75.27594014548183	0.7527594014548182	13.626217109707591	272.5243421941518	48.84782641497406	48.84782641497406	66.53901988052041
80	79.37119831916169	0.793711983191617	12.387427969093222	247.74855938186445	58.62468294259059	58.62468294259059	64.21140992780916
81	100.06461356515013	1.0006461356515013	16.376052804320636	327.5210560864127	68.92085963931738	68.92085963931738	82.26649433515993
82	101.85162672500935	1.0185162672500936	8.76286456705847	175.2572913411694	79.84147116748201	79.84147116748201	61.170325392231845
83	101.77906675345939	1.017790667534594	8.761851714958699	175.23703429917396	79.24579784100982	79.24579784100982	60.79876759931373
84	101.38484314310192	1.0138484314310192	15.30505540947857	306.1011081895714	73.35365179355738	73.35365179355738	80.0049931206944
85	101.10836920283339	1.011083692028334	5.690553934714929	113.81107869429857	75.94850990892441	75.94850990892441	50.592160548952165
86	100.89618487666745	1.0089618487666745	8.70887979692493	174.1775959384986	74.76783887440023	74.76783887440023	57.81248425937582
87	100.60520349725165	1.0060520349725166	5.651000020170444	113.02000040340887	71.42683713960591	71.42683713960591	47.1508631906191
88	100.3332208392095	1.003332208392095	12.559534142541889	251.1906828508378	71.98440696161667	71.98440696161667	69.15450166883323
89	99.9513782064197	0.999513782064197	16.363899146179257	327.2779829235851	71.21522195516815	71.21522195516815	83.25866189735409
90	99.80645887540642	0.9980645887540642	11.173201651891102	223.46403303782205	65.96743972321006	65.96743972321006	60.95335927584607
91	99.28181744201926	0.9928181744201926	9.506950293276269	190.13900586552538	66.7355161487717	66.7355161487717	55.49693485037154
92	99.25086806598964	0.9925086806598964	17.618586624132153	352.37173248264304	66.84985739568772	66.84985739568772	86.54384822448328
93	99.0615631135954	0.990615631135954	12.522401259656698	250.44802519313396	64.0684682987144	64.0684682987144	65.10951534394245
94	98.71405187937154	0.9871405187937154	13.839715689111141	276.79431378222284	57.124598122412685	57.124598122412685	67.20127574195621
95	98.38080866961548	0.9838080866961548	8.34236596468434	166.8473192936868	55.72458060519279	55.72458060519279	44.74739174051194
96	98.11763245849622	0.9811763245849622	13.847315072915244	276.9463014583049	57.68105665839312	57.68105665839312	67.52089315205116
97	97.98237958861199	0.9798237958861199	5.3388087137281985	106.77617427456397	58.36340332124075	58.36340332124075	36.54115215647739
98	97.5515311726487	0.975515311726487	17.567034991550514	351.3406998310103	63.69964503545966	63.69964503545966	85.23939399711342
99	96.9887260372778	0.9698872603727781	6.357842954020886	127.15685908041772	58.35939322992235	58.35939322992235	39.77593525888311
100	80.90034100670091	0.8090034100670092	13.173213730579507	263.46427461159016	52.96627020804221	52.96627020804221	64.48758040302069
101	75.63999682492036	0.7563999682492036	13.612079781560539	272.24159563121077	48.90486266597727	48.90486266597727	66.44698551008365
102	75.18529307750147	0.7518529307750147	13.61105485401167	272.2210970802334	48.89814660417078	48.89814660417078	66.45332619040575
103	75.10999160878188	0.7510999160878189	13.636677319690143	272.73354639380284	48.93172447776979	48.93172447776979	66.56672323129851
104	75.11600701012992	0.7511600701012993	13.515082634076679	270.3016526815336	48.931459383150234	48.931459383150234	66.07049669410263
105	75.10298847229839	0.7510298847229839	13.611245008222747	272.22490016445494	48.92677970630394	48.92677970630394	66.46275860778847
106	75.09841573929937	0.7509841573929937	13.708403240177764	274.1680648035553	48.90550488435519	48.90550488435519	66.85522718869386
107	75.10062867798575	0.7510062867798576	13.618378594133754	272.36757188267507	48.918058418335704	48.918058418335704	66.48778998378127
108	75.10123049896328	0.7510123049896328	13.600039841661841	272.00079683323685	48.93012414412168	48.93012414412168	66.41971089463763
109	75.098889434672	0.75098889434672	13.583523352961588	271.6704670592318	48.92086039336975	48.92086039336975	66.34617027840758
110	75.09948140645793	0.7509948140645792	13.583460331038296	271.6692066207659	48.91274742817794	48.91274742817794	66.3455937949958
111	75.09781070712303	0.7509781070712304	13.58750043141616	271.7500086283232	48.93887320112802	48.93887320112802	66.36702148633437
112	75.0947872723604	0.7509478727236041	13.610142852775043	272.2028570555009	48.930531316546976	48.930531316546976	66.4585137543992
113	75.09357838324715	0.7509357838324715	13.617090592714511	272.3418118542902	48.920669493367484	48.920669493367484	66.48380013015965
114	75.0384721315968	0.7503847213159681	13.661017493658163	273.22034987316323	48.91202568798328	48.91202568798328	66.66516671141662
115	75.0232419160344	0.750232419160344	13.651680984189678	273.0336196837936	48.90504237040792	48.90504237040792	66.62882010163362
116	75.0178587419816	0.750178587419816	13.538012256331761	270.76024512663525	48.92429504338048	48.92429504338048	66.16564900576171
117	75.02180744526189	0.7502180744526189	13.624291824868463	272.48583649736923	48.91995027003539	48.91995027003539	66.52013319153544
118	75.02461466570604	0.7502461466570605	13.600766334129199	272.015326682584	48.9062991464675	48.9062991464675	66.41954668323277
119	75.02005340814941	0.7502005340814941	13.69338436773013	273.8676873546026	48.92026003616654	48.92026003616654	66.8011064188357
120	75.01509669160312	0.7501509669160312	13.638751650027976	272.7750330005595	48.9001660486313	48.9001660486313	66.57405889199043
121	75.0172262717074	0.750172262717074	13.606782694583769	272.13565389167536	48.90035984071781	48.90035984071781	66.44759202747525
122	75.01877925164979	0.7501877925164979	13.67853411439872	273.5706822879744	48.91141098375245	48.91141098375245	66.73889543484121
123	75.0213413532094	0.7502134135320939	13.628960487415124	272.5792097483025	48.8944662615912	48.8944662615912	66.5323572040598
124	75.01954058942597	0.7501954058942597	8.382062460190578	167.64124920381158	48.89719937184669	48.89719937184669	46.0061110791723
125	75.0208519010366	0.750208519010366	13.637101280442064	272.7420256088413	48.92215538982707	48.92215538982707	66.57388519402306
126	75.01474519661114	0.7501474519661114	13.639630221480665	272.79260442961333	48.90975050708768	48.90975050708768	66.58000060454289
127	75.01794690327091	0.7501794690327092	13.589624521108053	271.79249042216105	48.9016237294732	48.9016237294732	66.37241029882188
128	75.01741125306823	0.7501741125306823	13.670109133405223	273.40218266810444	48.9117316763893	48.9117316763893	66.7033627112979
129	75.01793310519326	0.7501793310519327	13.600131050067152	272.002621001343	48.90970649210812	48.90970649210812	66.41942846294093
130	75.02195961588626	0.7502195961588626	13.667029297710208	273.34058595420413	48.91178226275713	48.91178226275713	66.69393321518109
131	75.0239622939798	0.7502396229397981	13.511904571311504	270.2380914262301	48.888452334785	48.888452334785	66.04826287259907
132	75.01761111823863	0.7501761111823864	13.663683313955824	273.27366627911647	48.904134634062984	48.904134634062984	66.67630979512242
133	75.01988876741098	0.7501988876741098	13.598545111442586	271.97090222885174	48.91185182745653	48.91185182745653	66.41514356026943
134	75.01664516187309	0.7501664516187309	13.652295994275503	273.04591988551005	48.908374001069134	48.908374001069134	66.63003888818326
135	75.01756850336626	0.7501756850336626	13.710627921080533	274.21255842161065	48.90601781979464	48.90601781979464	66.86807514586121
136	75.01884259241987	0.7501884259241988	13.60804419974165	272.160883994833	48.91262993837441	48.91262993837441	66.44825506393376
137	75.01496442100526	0.7501496442100526	13.670267007347176	273.4053401469435	48.90696277822322	48.90696277822322	66.70687780412655
138	75.01576238570813	0.7501576238570813	13.638569400640222	272.77138801280444	48.919078559261585	48.919078559261585	66.57869642257253
139	75.01981595692656	0.7501981595692656	13.624865700338727	272.49731400677456	48.89977020198526	48.89977020198526	66.51483777444203
140	75.02206883094388	0.7502206883094388	13.6225835713418	272.451671426836	48.90779049422807	48.90779049422807	66.50926874315189
141	75.01764281739858	0.7501764281739858	13.692444782948398	273.84889565896793	48.90614118729841	48.90614118729841	66.79433094730913
142	75.0176890365226	0.750176890365226	13.597911938368858	271.95823876737717	48.891391324565696	48.891391324565696	66.4042119569582
143	75.0156378906166	0.750156378906166	13.604478403143435	272.0895680628687	48.91109153757763	48.91109153757763	66.43461087298728
144	75.01709480635058	0.7501709480635058	13.507625346816292	270.15250693632584	48.91803679783977	48.91803679783977	66.03970849485749
145	75.01747422909882	0.7501747422909882	13.638613150484328	272.7722630096866	48.902319722680176	48.902319722680176	66.57388276643961
146	75.01940530498287	0.7501940530498287	13.64742328523566	272.9484657047132	48.911630567910095	48.911630567910095	66.61098115002007
147	75.01604553595622	0.7501604553595622	13.642190253666806	272.8438050733361	48.91807790036569	48.91807790036569	66.5939927661041
148	75.01773105337203	0.7501773105337204	13.709898516787069	274.1979703357414	48.92309607451031	48.92309607451031	66.86952555042187
149	75.02123330931303	0.7502123330931303	13.599985812248223	271.9997162449645	48.92608180428758	48.92608180428758	66.42297914327726
150	75.01393779951243	0.7501393779951243	13.689811769464963	273.7962353892993	48.88754530773489	48.88754530773489	66.77947104930911
151	75.01546434257456	0.7501546434257457	13.595786820621772	271.9157364124354	48.9046909196366	48.9046909196366	66.39781770499378
152	75.01534821459126	0.7501534821459126	13.631567630465186	272.63135260930375	48.90770247307537	48.90770247307537	66.54547966115219
153	75.0111239053724	0.750111239053724	13.63632449563396	272.7264899126792	48.92277868872018	48.92277868872018	66.56686104986407
154	75.01550849230802	0.7501550849230801	13.626011978454036	272.52023956908073	48.90706289792065	48.90706289792065	66.52256363564923
155	75.01545191292234	0.7501545191292235	13.621444058248128	272.42888116496255	48.9012660752681	48.9012660752681	66.50577762540325
156	75.01821120314003	0.7501821120314003	13.644883069507717	272.8976613901543	48.8880021764774	48.8880021764774	66.59734914588499
157	75.01535864108922	0.7501535864108922	13.71138158563282	274.2276317126564	48.91796453947288	48.91796453947288	66.87659323958424
158	75.02066612216427	0.7502066612216427	13.66703301666034	273.3406603332068	48.89912356478441	48.89912356478441	66.69018750624527
159	75.01496505685868	0.7501496505685868	13.60508927092641	272.1017854185282	48.88942076160009	48.88942076160009	66.43264564679065
160	75.01879365257288	0.7501879365257288	13.656248236782933	273.12496473565864	48.909970854227204	48.909970854227204	66.64904846957474
161	75.01649713175017	0.7501649713175017	13.66342339926625	273.268467985325	48.90576266747594	48.90576266747594	66.67306606053843
162	75.01753627989277	0.7501753627989277	13.69927830488214	273.9855660976428	48.9120703356947	48.9120703356947	66.8261932967533
163	75.01681631341972	0.7501681631341972	13.600410196120427	272.00820392240854	48.89980799492771	48.89980799492771	66.4174724916848
164	75.0198565208999	0.7501985652089991	13.621529417877623	272.43058835755244	48.91129817870904	48.91129817870904	66.50423557651067
165	75.01142855517698	0.7501142855517697	13.589877525536046	271.79755051072095	48.92244561723761	48.92244561723761	66.37893384475043
166	75.02009854791717	0.7502009854791717	13.601939344466134	272.0387868893227	48.90013448749541	48.90013448749541	66.42092019846022
167	75.01814399341622	0.7501814399341622	13.632336007583309	272.64672015166616	48.906202595681904	48.906202595681904	66.54589475332247
168	75.01652400201023	0.7501652400201023	13.575751085914137	271.51502171828275	48.91216896745115	48.91216896745115	66.31834851694913
169	75.01836472795608	0.7501836472795609	13.596746648394344	271.9349329678869	48.9178171421233	48.9178171421233	66.4060571271632
170	75.01934509008028	0.7501934509008028	13.655235308513609	273.10470617027215	48.90402701759402	48.90402701759402	66.6421513446226
171	75.01604469896682	0.7501604469896682	13.60093503598932	272.0187007197864	48.901928753709136	48.901928753709136	66.4177492188639
172	75.01519141610056	0.7501519141610057	13.646564737519082	272.93129475038165	48.911130738172815	48.911130738172815	66.60747767272447
173	75.01410485881384	0.7501410485881383	13.602331950117136	272.0466390023427	48.90551778247211	48.90551778247211	66.42394234587712
174	75.01159154631505	0.7501159154631505	13.600396392165026	272.00792784330054	48.89894506868021	48.89894506868021	66.41665184784345
175	75.01577276272873	0.7501577276272873	13.660944633986034	273.2188926797207	48.92201613128111	48.92201613128111	66.66995360284989
176	75.01647343739769	0.7501647343739769	13.509803048721121	270.19606097442244	48.91846641457205	48.91846641457205	66.04967082409607
177	75.01424462798191	0.7501424462798191	13.681343577361005	273.6268715472201	48.914114051359476	48.914114051359476	66.75157755536002
178	75.01882903951119	0.7501882903951119	13.657375496260519	273.1475099252104	48.90929831811317	48.90929831811317	66.65193946641031
179	75.02203675907892	0.7502203675907891	13.57591623435266	271.51832468705317	48.919884207299496	48.919884207299496	66.32024133174642
180	75.0126801885216	0.750126801885216	13.646441601449913	272.9288320289983	48.909553278382454	48.909553278382454	66.60958799362652
181	75.01374436192627	0.7501374436192627	13.595697213164957	271.91394426329913	48.902297747432485	48.902297747432485	66.40045116687652
182	75.0145586423893	0.7501455864238931	13.585393855263328	271.70787710526656	48.91179691228914	48.91179691228914	66.35816502911861
183	75.01691930838473	0.7501691930838473	13.679039808302157	273.5807961660431	48.915708723354236	48.915708723354236	66.73949499866451
184	75.01434686382838	0.7501434686382839	13.647494921117607	272.94989842235213	48.90357548831616	48.90357548831616	66.61120164749596
185	75.01412889154227	0.7501412889154228	13.653295274862941	273.0659054972588	48.91898515770905	48.91898515770905	66.63801284116576
186	75.01604878145899	0.7501604878145899	13.594581187890507	271.8916237578101	48.912710665436684	48.912710665436684	66.39420600850765
187	75.01637485647007	0.7501637485647007	13.701419792375951	274.02839584751905	48.91760487528789	48.91760487528789	66.83247022969489
188	75.01999401886839	0.7501999401886839	13.608589102365247	272.17178204730493	48.91900949990669	48.91900949990669	66.4511043793742
189	75.01723437268917	0.7501723437268918	13.60842657825381	272.1685315650762	48.905676217997694	48.905676217997694	66.4502747763521
190	75.01753403669477	0.7501753403669477	13.604895231118617	272.0979046223723	48.90861709193311	48.90861709193311	66.43705712686526
191	75.01504947088468	0.7501504947088468	13.608306886768288	272.16613773536574	48.89920049603015	48.89920049603015	66.44859318851972
192	75.02085219946422	0.7502085219946422	13.612887676449612	272.2577535289922	48.91164549065072	48.91164549065072	66.4702239709993
193	75.01667980917888	0.7501667980917889	13.696509868376864	273.9301973675373	48.918980964683975	48.918980964683975	66.81461134687154
194	74.99528911995897	0.7499528911995897	13.649312793547892	272.98625587095785	48.89989853085252	48.89989853085252	66.6182451742217
195	74.99661524774561	0.7499661524774561	13.652770373700625	273.0554074740125	48.89651938187847	48.89651938187847	66.6299577782503
196	74.99128480833402	0.7499128480833401	13.592381850962694	271.84763701925385	48.907468525232204	48.907468525232204	66.38416687393175
197	74.99174104197955	0.7499174104197955	13.630319342677822	272.60638685355644	48.89215656009533	48.89215656009533	66.53827859961598
198	74.99447781882044	0.7499447781882045	13.69464603407808	273.8929206815616	48.88115729068591	48.88115729068591	66.80261808374557
199	74.99133241635249	0.749913324163525	13.644567540983962	272.89135081967925	48.908675951599804	48.908675951599804	66.60122255344928
200	74.99108545594189	0.7499108545594189	13.693449769052963	273.8689953810593	48.914769722863895	48.914769722863895	66.8035794088493
201	74.9859453234849	0.749859453234849	13.583039072377323	271.66078144754647	48.896460231026644	48.896460231026644	66.34744881447631
202	74.99462769752623	0.7499462769752623	13.66235462095562	273.2470924191124	48.9319312639316	48.9319312639316	66.6745344337513
203	74.9797973858076	0.749797973858076	13.629922921206646	272.5984584241329	48.903516907237126	48.903516907237126	66.53817511961805
204	74.96772408557348	0.7496772408557348	13.692883479069705	273.8576695813941	48.90316287057016	48.90316287057016	66.80223451564352
205	74.97140394001185	0.7497140394001186	13.641798092470804	272.8359618494161	48.918428048780086	48.918428048780086	66.58765600771504
206	74.96940537561152	0.7496940537561152	13.561365132818993	271.2273026563799	48.919713213979215	48.919713213979215	66.26307342553409
207	74.96924281228583	0.7496924281228583	13.647409680651817	272.9481936130363	48.885094453375885	48.885094453375885	66.61005304668129
208	74.97473800824594	0.7497473800824593	13.71074356879852	274.2148713759704	48.910418172443855	48.910418172443855	66.87291267580865
209	74.96887252861565	0.7496887252861565	13.589291529299546	271.78583058599094	48.902959529142414	48.902959529142414	66.37378646516811
210	74.96819761534465	0.7496819761534466	13.64997224091486	272.9994448182972	48.90370247803129	48.90370247803129	66.62625714041717
211	74.975447026681	0.74975447026681	13.515459358021683	270.3091871604337	48.905410106499936	48.905410106499936	66.07295313646104
212	74.97178795685807	0.7497178795685807	13.656967876770478	273.13935753540954	48.91621125995371	48.91621125995371	66.65090843141618
213	74.97123864327293	0.7497123864327293	13.66472840855436	273.29456817108723	48.88831081944041	48.88831081944041	66.68082795730298
214	74.97074217752687	0.7497074217752687	13.621360437477819	272.42720874955637	48.88965772209347	48.88965772209347	66.50406317814203
215	74.96961716792428	0.7496961716792429	13.659671642359445	273.1934328471889	48.89909382922828	48.89909382922828	66.66025584243913
216	74.97107271173898	0.7497107271173898	13.63148605603124	272.6297211206248	48.8940723216376	48.8940723216376	66.54291647351246
217	74.9708683989817	0.7497086839898169	13.645880763082756	272.9176152616551	48.878381331367066	48.878381331367066	66.59772207357327
218	74.97021768037374	0.7497021768037374	8.351876386454267	167.03752772908533	48.915748596558885	48.915748596558885	45.901572910729655
219	74.96768196574142	0.7496768196574142	13.696388973847997	273.9277794769599	48.91423031535437	48.91423031535437	66.81354291839179
220	74.96763269675941	0.7496763269675941	13.583038101542629	271.6607620308526	48.88697924379356	48.88697924379356	66.34718270507268
221	74.9709053694927	0.749709053694927	13.711832254970362	274.23664509940727	48.919831506770066	48.919831506770066	66.88167199033562
222	74.9699566816542	0.7496995668165419	13.528517533001706	270.57035066003414	48.910353997462465	48.910353997462465	66.12840116990415
223	74.97264827694798	0.7497264827694798	13.64646203559858	272.9292407119716	48.89565242277378	48.89565242277378	66.60620761421458
224	74.97464935337456	0.7497464935337456	13.61416326388763	272.2832652777526	48.916658982994534	48.916658982994534	66.47728698870047
225	74.96906195039573	0.7496906195039573	13.690602391177748	273.81204782355496	48.91189375502539	48.91189375502539	66.79225461734286
226	74.96843183844831	0.7496843183844831	13.589346014183917	271.78692028367834	48.91481692272277	48.91481692272277	66.375835968322
227	74.97073008756108	0.7497073008756108	13.62721013675525	272.544202735105	48.90964894767806	48.90964894767806	66.52797497550995
228	74.97180815214394	0.7497180815214394	13.643498322565895	272.8699664513179	48.90056021267286	48.90056021267286	66.59505627503874
229	74.97348518738984	0.7497348518738984	13.621648022668468	272.4329604533694	48.902829006668384	48.902829006668384	66.50457677895682
230	74.96755367045688	0.7496755367045688	13.646453374525985	272.9290674905197	48.91273011077867	48.91273011077867	66.6124743460001
231	74.97190084111328	0.7497190084111328	13.655834036941256	273.1166807388251	48.91700743909103	48.91700743909103	66.65286767620186
232	74.96935674475743	0.7496935674475743	13.621294408649765	272.4258881729953	48.906007606652956	48.906007606652956	66.50467295775871
233	74.96714949932725	0.7496714949932725	13.610484099110142	272.2096819822028	48.92396927864432	48.92396927864432	66.46364193029517
234	74.97240912415899	0.7497240912415899	13.646857954255546	272.9371590851109	48.908406550979244	48.908406550979244	66.60759896670976
235	74.96879671860925	0.7496879671860925	13.642611699275497	272.85223398550994	48.906336422624356	48.906336422624356	66.59238668442319
236	74.96665243433166	0.7496665243433167	13.515068946263021	270.30137892526045	48.90188142796497	48.90188142796497	66.06986507857525
237	74.97297917856183	0.7497297917856183	13.606162970230304	272.1232594046061	48.9151338035817	48.9151338035817	66.44764924692704
238	74.9688250157692	0.749688250157692	13.662276486568233	273.2455297313647	48.89757386177115	48.89757386177115	66.66907345666735
239	74.97152091079982	0.7497152091079983	13.687670122664617	273.7534024532923	48.894854620192866	48.894854620192866	66.77392133122457
240	74.97193715010319	0.7497193715010319	13.515228762597179	270.30457525194356	48.90719329786893	48.90719329786893	66.07043678246721
241	74.9708246829195	0.749708246829195	13.617474789195088	272.3494957839018	48.89408124471209	48.89408124471209	66.4859330189873
242	74.96909061008607	0.7496909061008608	13.628933449818785	272.5786689963757	48.90056269280542	48.90056269280542	66.53413817432745
243	74.97025201841709	0.7497025201841708	13.584057753260808	271.68115506521616	48.90297893026361	48.90297893026361	66.35331810470417
244	74.97071956410312	0.7497071956410313	13.566040406323916	271.3208081264783	48.91064972080587	48.91064972080587	66.2800575628917
245	74.96528733013115	0.7496528733013115	13.646174691900415	272.9234938380083	48.90474264879835	48.90474264879835	66.60875299009787
246	74.97103432700762	0.7497103432700761	13.607113845039315	272.1422769007863	48.90344319494311	48.90344319494311	66.44632587020998
247	74.97051095907773	0.7497051095907773	13.60511478598673	272.1022957197346	48.914028009798244	48.914028009798244	66.4404765572807
248	74.96985455467517	0.7496985455467516	13.617433483147924	272.34866966295846	48.909427956452724	48.909427956452724	66.48718064044218
249	74.96795511964096	0.7496795511964096	13.605294148432257	272.1058829686451	48.919156728528996	48.919156728528996	66.44334004166578
250	74.96926586416583	0.7496926586416583	13.618247469770203	272.3649493954041	48.90161570462924	48.90161570462924	66.48982114547798
251	74.97106618824496	0.7497106618824496	13.647555298443915	272.9511059688783	48.90601248217039	48.90601248217039	66.61622723920827
252	74.96670388273422	0.7496670388273422	8.237443025458735	164.74886050917468	48.90838871722186	48.90838871722186	45.49080462352638
253	74.96935270046849	0.749693527004685	13.588727085128845	271.7745417025769	48.91069951195631	48.91069951195631	66.37233168395734
254	74.9667585024012	0.7496675850240121	13.604312799670744	272.08625599341485	48.91256672039017	48.91256672039017	66.43824390844861
255	74.96972039149396	0.7496972039149397	8.289816130970385	165.7963226194077	48.91318540572136	48.91318540572136	45.68098351249528
256	74.97312683570806	0.7497312683570806	13.68276734566083	273.6553469132166	48.878695433664426	48.878695433664426	66.74978202923138
257	74.96685063516996	0.7496685063516997	13.708971757627292	274.17943515254586	48.9015721006016	48.9015721006016	66.86428632249805
258	74.97232727931822	0.7497232727931822	13.681376750140238	273.62753500280473	48.90667653888999	48.90667653888999	66.7519227917071
259	74.96611907577821	0.7496611907577821	13.582164080274147	271.6432816054829	48.89411513382199	48.89411513382199	66.34421766924123
260	74.97130030093369	0.749713003009337	13.65736770065202	273.1473540130404	48.89760824661757	48.89760824661757	66.65181013974774
261	74.9680186030717	0.749680186030717	13.648488105682128	272.96976211364256	48.90907773396492	48.90907773396492	66.6184192445696
262	74.96791784125162	0.7496791784125162	13.651782349664549	273.035646993291	48.90727268091277	48.90727268091277	66.6308738337719
263	74.96849003092687	0.7496849003092687	13.581909190091993	271.6381838018399	48.90916522813425	48.90916522813425	66.34136649983195
264	74.96870819357093	0.7496870819357093	13.634199378834454	272.6839875766891	48.89809425524408	48.89809425524408	66.55761409577795
265	74.96916839354286	0.7496916839354286	13.597721950891254	271.95443901782505	48.91332159884853	48.91332159884853	66.41088139383365
266	74.97049836883335	0.7497049836883335	13.606603583523981	272.1320716704796	48.88327229527516	48.88327229527516	66.43881303718332
267	74.96693513803116	0.7496693513803117	13.607824342292513	272.1564868458503	48.90536219500659	48.90536219500659	66.45037751354795
268	74.96921562907454	0.7496921562907454	13.615270821356377	272.30541642712757	48.91409570180561	48.91409570180561	66.48492305196955
269	74.9689983918163	0.749689983918163	13.671281923802917	273.42563847605834	48.89984949318262	48.89984949318262	66.71082008515418
270	74.97271627327405	0.7497271627327404	13.579965920426208	271.59931840852414	48.88648558831141	48.88648558831141	66.33596856468031
271	74.96637425170155	0.7496637425170155	13.697937508865746	273.9587501773149	48.914366751465046	48.914366751465046	66.82174606584347
272	74.96739162398467	0.7496739162398467	13.670406005389925	273.4081201077985	48.90881163782986	48.90881163782986	66.7102513582826
273	74.96954063467493	0.7496954063467492	13.586715279919956	271.7343055983991	48.898079874816545	48.898079874816545	66.3656570732311
274	74.96796852379113	0.7496796852379113	13.705412798684002	274.10825597368	48.90365342042158	48.90365342042158	66.84865243340184
275	74.97168622635625	0.7497168622635626	13.63856949002329	272.7713898004658	48.900220703069294	48.900220703069294	66.57412719112509
276	74.96568241250799	0.74965682412508	13.534953979124335	270.6990795824867	48.896992026177934	48.896992026177934	66.15185598676666
277	74.97049510475247	0.7497049510475248	13.616261767938228	272.3252353587646	48.91251530649432	48.91251530649432	66.48341543569047
278	74.96758766318206	0.7496758766318206	13.595294337185669	271.9058867437134	48.89481967267663	48.89481967267663	66.39698627346985
279	74.96793544470158	0.7496793544470158	13.605145026049458	272.1029005209892	48.91091477827906	48.91091477827906	66.4403353694458
280	74.96842917620855	0.7496842917620855	13.664695313967052	273.29390627934106	48.9000732189846	48.9000732189846	66.6829817768646
281	74.96782569408674	0.7496782569408674	13.666264906836686	273.3252981367337	48.90614151793799	48.90614151793799	66.69048396989926
282	74.96696253066236	0.7496696253066236	13.593733327497928	271.87466654995853	48.91404736035909	48.91404736035909	66.39534541613456
283	74.96725255510185	0.7496725255510185	13.674882227784218	273.49764455568436	48.89028097409534	48.89028097409534	66.72162662562495
284	74.96887123078974	0.7496887123078975	13.580368926193346	271.60737852386694	48.89062141345841	48.89062141345841	66.33422863499327
285	74.96990469035472	0.7496990469035473	13.64467441219052	272.8934882438104	48.92098660294037	48.92098660294037	66.60625174985375
286	74.97031156940774	0.7497031156940774	13.592958964803206	271.8591792960641	48.905863845705525	48.905863845705525	66.38771633400074
287	74.97189840773562	0.7497189840773563	13.694231540801848	273.884630816037	48.89847290497351	48.89847290497351	66.79945847335028
288	74.96698680759648	0.7496698680759648	13.711941980010797	274.23883960021595	48.90696863492651	48.90696863492651	66.87708983749086
289	74.97062518357495	0.7497062518357496	13.594843361673176	271.8968672334635	48.91433882635124	48.91433882635124	66.39881490022853
290	74.96719427237717	0.7496719427237717	13.710019066864824	274.20038133729645	48.912876965424886	48.912876965424886	66.86949947170507
291	74.97184141916924	0.7497184141916924	13.697116289477842	273.94232578955683	48.89730223848761	48.89730223848761	66.81376570311656
292	74.9716189873703	0.749716189873703	13.645849003514881	272.9169800702976	48.900180621629225	48.900180621629225	66.60382818273739
293	74.9695519662407	0.749695519662407	13.645801388773172	272.9160277754635	48.907073970252995	48.907073970252995	66.60707567024836
294	74.97172830836733	0.7497172830836734	13.665457392240844	273.3091478448169	48.89608187490309	48.89608187490309	66.68366595512435
295	74.96756707412565	0.7496756707412565	13.645263695270948	272.905273905419	48.89939847590544	48.89939847590544	66.60009154817934
296	74.96855996092303	0.7496855996092303	13.516302213047032	270.32604426094065	48.909676699195934	48.909676699195934	66.07374754407887
297	74.96589718681047	0.7496589718681047	13.601773064134557	272.03546128269113	48.90630976251744	48.90630976251744	66.42435558487425
298	74.97296765542973	0.7497296765542973	13.576708645801501	271.53417291603	48.905998193001544	48.905998193001544	66.31817605574393
299	74.9672582752708	0.749672582752708	13.69787223431064	273.9574446862128	48.90246557751817	48.90246557751817	66.8150516713308
300	74.96732305578836	0.7496732305578836	13.672327711962932	273.44655423925866	48.91421398403625	48.91421398403625	66.71604929677157
301	74.97102662357669	0.749710266235767	13.64528012053263	272.9056024106526	48.90000502811382	48.90000502811382	66.60213475760848
302	74.96909782406745	0.7496909782406744	13.658703795392313	273.17407590784626	48.89696525698472	48.89696525698472	66.65522953174957
303	74.97230152633142	0.7497230152633142	13.663529132939429	273.27058265878856	48.89657351379534	48.89657351379534	66.67769282926574
304	74.96928158771925	0.7496928158771925	13.6630246446753	273.260492893506	48.9138723700792	48.9138723700792	66.67951738449206
305	74.97554539746248	0.7497554539746248	13.710573837613538	274.21147675227076	48.912347468241784	48.912347468241784	66.87115241077036
306	74.9675799295294	0.749675799295294	13.592422093621272	271.84844187242544	48.93138218568874	48.93138218568874	66.38965274865267
307	74.96621997210657	0.7496621997210657	8.381712917667958	167.63425835335914	48.898197822327006	48.898197822327006	46.00788284306289
308	74.97065459445157	0.7497065459445158	13.596747396319897	271.9349479263979	48.91211556039535	48.91211556039535	66.40560050532044
309	74.96956013481078	0.7496956013481078	13.65119826363636	273.0239652727272	48.907866498862965	48.907866498862965	66.63073689904691
310	74.96999519043544	0.7496999519043545	13.617939843373234	272.35879686746466	48.89760236692402	48.89760236692402	66.48712368982349
311	74.97077279300791	0.7497077279300791	13.646065343883704	272.92130687767406	48.91146945420825	48.91146945420825	66.60830210915078
312	74.96656004913801	0.7496656004913801	13.638916409957226	272.77832819914454	48.888470897331274	48.888470897331274	66.57662151140511
313	74.96607626960237	0.7496607626960237	13.622333726330726	272.4466745266145	48.90240324725411	48.90240324725411	66.50913771433427
314	74.97067630206371	0.7497067630206371	13.69189570725763	273.83791414515264	48.90092604959954	48.90092604959954	66.79168445224278
315	74.96842853557479	0.7496842853557479	13.591404734641738	271.8280946928348	48.899050791929895	48.899050791929895	66.38338605776327
316	74.97160196711664	0.7497160196711664	13.663779438521656	273.2755887704331	48.90620881153324	48.90620881153324	66.67878564484315
317	74.97042589627755	0.7497042589627755	13.6038741516441	272.077483032882	48.90333296046391	48.90333296046391	66.43236579756334
318	74.96595066496454	0.7496595066496454	13.515584443127732	270.31168886255466	48.89455097210114	48.89455097210114	66.07153101025659
319	74.96910968239341	0.7496910968239341	13.575179775171582	271.50359550343165	48.90333480844673	48.90333480844673	66.31516458328613
320	74.97195457501081	0.7497195457501081	13.595803076989883	271.9160615397977	48.91505339976512	48.91505339976512	66.40082645666546
321	74.96818183953972	0.7496818183953973	13.514038147474015	270.2807629494803	48.91435888238626	48.91435888238626	66.06965257761956
322	74.97130884355919	0.7497130884355919	13.6481625072942	272.963250145884	48.91541319093994	48.91541319093994	66.62008336951254
323	74.96855464941663	0.7496855464941663	13.650256569852358	273.00513139704714	48.90118648202566	48.90118648202566	66.62273594575467
324	74.9690235873572	0.749690235873572	8.465281785178103	169.30563570356207	48.91740365435874	48.91740365435874	46.32412358718818
325	74.96721086532119	0.749672108653212	13.51549929117431	270.3099858234862	48.90327202012285	48.90327202012285	66.07175601998819
326	74.96651876414779	0.7496651876414779	13.62118535316741	272.4237070633482	48.89137947139176	48.89137947139176	66.50292243895895
327	74.96835006857037	0.7496835006857038	13.583833131241967	271.6766626248393	48.90863265814713	48.90863265814713	66.35165065426351
328	74.96346613801181	0.7496346613801181	13.689537202970444	273.7907440594089	48.90886333069784	48.90886333069784	66.78649175087851
329	74.96600600728705	0.7496600600728706	13.572944904169573	271.45889808339143	48.90111305926637	48.90111305926637	66.30580934991049
330	74.96006538033876	0.7496006538033876	13.579056135906152	271.581122718123	48.91424806993756	48.91424806993756	66.33485629931836
331	74.96212975153446	0.7496212975153447	13.645112414110674	272.90224828221346	48.902170713631094	48.902170713631094	66.60043873909218
332	74.9618111988829	0.749618111988829	13.605623567074103	272.11247134148203	48.889891901957206	48.889891901957206	66.4388011216129
333	74.96286721407964	0.7496286721407964	13.588941697874526	271.7788339574905	48.908498546269556	48.908498546269556	66.37297511267622
334	74.96629719322169	0.749662971932217	13.647231281924197	272.94462563848396	48.88934267603755	48.88934267603755	66.60821800206648
335	74.95665548747564	0.7495665548747564	13.658415147297184	273.16830294594365	48.890365110240275	48.890365110240275	66.65996319143525
336	74.96219605827542	0.7496219605827542	13.617899091243903	272.35798182487804	48.88661158552136	48.88661158552136	66.48660672005087
337	74.96055965978937	0.7496055965978937	13.63014053609376	272.6028107218752	48.91523479087657	48.91523479087657	66.54421948994201
338	74.96037916110947	0.7496037916110947	13.644934426362942	272.89868852725886	48.9231217180009	48.9231217180009	66.60271307077726
339	74.96432434456747	0.7496432434456748	13.642450926934272	272.8490185386854	48.91668249134277	48.91668249134277	66.59517272284539
340	74.9602118656614	0.7496021186566141	13.639839611934274	272.7967922386855	48.90838312702697	48.90838312702697	66.58130388073619
341	74.96016344956394	0.7496016344956393	13.557546524404643	271.15093048809285	48.90375096879246	48.90375096879246	66.24225924496919
342	74.96411271231119	0.7496411271231119	13.661008261130714	273.2201652226143	48.90273056544009	48.90273056544009	66.66563806915987
343	74.95943931611187	0.7495943931611188	13.593506473035177	271.87012946070354	48.89119690229736	48.89119690229736	66.38753717462728
344	74.9623668973767	0.749623668973767	13.650393054301187	273.00786108602375	48.899705561651004	48.899705561651004	66.62242065573238
345	74.96343210994105	0.7496343210994105	13.579143239431675	271.5828647886335	48.91113525410675	48.91113525410675	66.33408295394555
346	74.9618721726095	0.749618721726095	13.647630134877708	272.9526026975542	48.890944404470176	48.890944404470176	66.6116076268599
347	74.96071773945604	0.7496071773945605	13.56122359894343	271.2244719788686	48.91171733327025	48.91171733327025	66.26054895910093
348	74.95968373033695	0.7495968373033695	13.64549192848396	272.9098385696792	48.90902919268568	48.90902919268568	66.60221038795052
349	74.96468793413601	0.7496468793413601	13.51477139635016	270.2954279270032	48.9014486124602	48.9014486124602	66.07159266681323
350	74.96191408922947	0.7496191408922946	13.633315399905175	272.6663079981035	48.895500906060064	48.895500906060064	66.55478287402595
351	74.9646643404091	0.749646643404091	13.586381575198837	271.72763150397674	48.91722801338821	48.91722801338821	66.36126896704022
352	74.95852711408632	0.7495852711408633	8.454699253745138	169.09398507490278	48.91622878766026	48.91622878766026	46.28572756718982
353	74.96369851688192	0.7496369851688192	13.586391652179323	271.72783304358643	48.90554704325005	48.90554704325005	66.36182610609531
354	74.95975293865033	0.7495975293865033	13.586049743642873	271.72099487285743	48.91530829211231	48.91530829211231	66.36365586141432
355	74.95933524008832	0.7495933524008832	13.651206327280867	273.0241265456174	48.91111363057625	48.91111363057625	66.62883272605272
356	74.96196907390366	0.7496196907390367	13.5973582877715	271.94716575543004	48.90913279990957	48.90913279990957	66.4101362831478
357	74.96066757782502	0.7496066757782502	13.657631785529873	273.15263571059745	48.91019882099066	48.91019882099066	66.65453775215775
358	74.96461012912218	0.7496461012912218	13.70159305753641	274.0318611507282	48.914887625844365	48.914887625844365	66.83670058132633
359	74.95959821247523	0.7495959821247523	13.646459571669002	272.92919143338	48.9157816256936	48.9157816256936	66.61119484844593
360	74.96082118702597	0.7496082118702597	13.52274397959689	270.4548795919378	48.89503193339937	48.89503193339937	66.09937455070731
361	74.96100852497706	0.7496100852497706	13.582173398921416	271.6434679784283	48.87315473119745	48.87315473119745	66.3397921950994
362	74.95964501372745	0.7495964501372745	13.60170628845477	272.0341257690954	48.90720484598915	48.90720484598915	66.42413033200579
363	74.96740071113857	0.7496740071113857	13.614595032951364	272.2919006590273	48.87340591134976	48.87340591134976	66.47004731718404
364	74.96309995020205	0.7496309995020205	13.68910668084115	273.782133616823	48.90159296847506	48.90159296847506	66.7812852474696
365	74.96008469553287	0.7496008469553287	13.589059860739214	271.7811972147843	48.89958294657183	48.89958294657183	66.37474072739214
366	74.96160116889955	0.7496160116889955	13.526502913787564	270.5300582757513	48.909592022152594	48.909592022152594	66.11707273086404
367	74.96329834669956	0.7496329834669956	13.557523132881318	271.15046265762635	48.87676188345432	48.87676188345432	66.2414129631496
368	74.960306682684	0.7496030668268401	13.597460131469942	271.9492026293988	48.89429512831506	48.89429512831506	66.40682489920955
369	74.96306051912086	0.7496306051912086	13.619578142583649	272.391562851673	48.909861017864884	48.909861017864884	66.49907874677771
370	74.96692048964755	0.7496692048964755	13.558589245214765	271.1717849042953	48.89679353728309	48.89679353728309	66.24903325218034
371	74.9620588596221	0.749620588596221	13.655862691392231	273.11725382784465	48.887718747307076	48.887718747307076	66.64493831436236
372	74.96288655199078	0.7496288655199078	13.700444102117956	274.0088820423591	48.89434380328069	48.89434380328069	66.82693884891462
373	74.95603210448235	0.7495603210448235	13.65130428477348	273.0260856954696	48.900691518055524	48.900691518055524	66.62766491750911
374	74.9597126608456	0.749597126608456	13.579577458439369	271.59154916878737	48.91288434783964	48.91288434783964	66.33566432176629
375	74.9633217350354	0.7496332173503539	13.655711643559048	273.11423287118095	48.89287221261154	48.89287221261154	66.64263509188363
376	74.95847369697904	0.7495847369697904	13.60516601161786	272.1033202323572	48.88993135756716	48.88993135756716	66.44028942650382
377	74.95951153833148	0.7495951153833148	13.608820618657191	272.1764123731438	48.9063172174649	48.9063172174649	66.45346676794621
378	74.95706893142702	0.7495706893142702	13.711791322769841	274.2358264553968	48.89653642108433	48.89653642108433	66.87373369677191
379	74.96223569260292	0.7496223569260292	13.660616341012565	273.2123268202513	48.89697320984442	48.89697320984442	66.6654283881626
380	74.96310348220948	0.7496310348220948	13.682059876663265	273.6411975332653	48.89564437730044	48.89564437730044	66.75248278060845
381	74.95893450345174	0.7495893450345175	13.59388556776735	271.877711355347	48.90228931052089	48.90228931052089	66.39434094359363
382	74.96309076848277	0.7496309076848278	13.667875227685203	273.3575045537041	48.902831716136035	48.902831716136035	66.69848444480694
383	74.95953527016198	0.7495953527016198	13.653576214237843	273.07152428475683	48.897132200989084	48.897132200989084	66.63920719772531
384	74.96151602030683	0.7496151602030683	13.657492300276619	273.14984600553237	48.89713351646832	48.89713351646832	66.65161742055695
385	74.96002266677608	0.7496002266677608	13.637573326786896	272.7514665357379	48.90841055073169	48.90841055073169	66.57379888379369
386	74.95885434539709	0.7495885434539709	13.638822538033173	272.77645076066347	48.914004797008445	48.914004797008445	66.57922794846661
387	74.96077820552856	0.7496077820552856	13.605683246466489	272.1136649293298	48.872877266061586	48.872877266061586	66.43583396224588
388	74.96176622666883	0.7496176622666884	13.60994852737374	272.1989705474748	48.90897150649279	48.90897150649279	66.45404670049217
389	74.96322971886435	0.7496322971886435	13.684461984779704	273.6892396955941	48.914203070432386	48.914203070432386	66.76740002322862
390	74.96403882462758	0.7496403882462758	13.631496217443875	272.62992434887747	48.89691715560671	48.89691715560671	66.54721536790498
